0 263 321 208 1292 321 350 336 239 1357 271 267 348 367 455 1176 1285 433 1377 321 278 607 1275 596 856 399 846 566 886 835 757 1314 1039 815 1674 1676 1473 1683 1349 1859 1777 1556 1448 1411 2209 2363 2280 2311 2361 2185 2180 2181 2358 2641 1374 1390 2048 1335 1362 1368 1339 1365 2048 2299 1365 1371 1370 1442 1333 1365 1357 1357 1333 2012 2090 2090 2197 2001 2090 2118 1988 2002 2115 2045 1973 2164 2089 2355 2382 2119 2095
263 0 300 230 1325 302 363 341 249 1377 281 267 316 419 513 1187 1299 482 1411 339 255 609 1304 597 868 415 861 581 900 836 758 1323 1037 808 1697 1703 1500 1713 1380 1868 1786 1565 1455 1418 2235 2386 2311 2338 2386 2204 2199 2201 2377 2665 1360 1362 2075 1344 1349 1354 1347 1350 2072 2322 1350 1356 1356 1452 1344 1399 1388 1365 1341 2039 2110 2110 2218 2034 2110 2132 2011 2035 2130 2083 2003 2172 2109 2367 2375 2138 2114
321 300 0 297 1326 367 303 395 308 1374 291 323 392 479 576 1170 1317 546 1403 393 313 601 1303 589 924 469 911 636 956 829 748 1328 1030 807 1697 1699 1500 1714 1378 1918 1853 1621 1516 1477 2234 2387 2307 2336 2387 2207 2202 2206 2386 2673 1437 1437 2072 1410 1426 1428 1414 1427 2070 2315 1424 1432 1433 1514 1406 1460 1452 1430 1404 2039 2102 2102 2226 2043 2103 2133 2005 2045 2133 2074 1994 2178 2102 2368 2378 2140 2117
208 230 297 0 1304 259 277 295 205 1356 199 138 289 359 459 1156 1303 443 1380 266 223 547 1282 533 804 345 789 503 835 776 694 1267 975 752 1686 1679 1482 1703 1363 1849 1765 1541 1433 1394 2195 2349 2274 2302 2350 2176 2169 2170 2351 2636 1351 1366 2040 1311 1338 1343 1309 1339 2035 2280 1339 1346 1345 1587 1325 1364 1354 1351 1316 2001 2078 2078 2231 2003 2078 2105 1987 2004 2102 2038 1956 2156 2077 2383 2394 2106 2086
1292 1325 1326 1304 0 1306 1296 1306 1305 1311 1291 1344 1315 1346 1422 1322 1279 1424 1046 1333 1304 1483 87 1466 1813 1382 1789 1538 1842 1679 1603 2135 1861 1662 534 527 314 569 183 2602 2523 2328 2224 2184 1909 2079 1986 2012 2069 2108 2112 2111 2268 2569 2117 2103 1749 2118 2110 2111 2129 2117 1742 1940 2110 2115 2118 2333 2141 2120 2126 2162 2126 1708 2018 2017 1771 1724 2019 2027 1645 1721 2028 1748 1723 2095 2017 2263 2254 2033 2018
321 302 367 259 1306 0 380 331 289 1375 298 291 325 446 489 1160 1294 463 1397 288 270 630 1289 619 830 371 813 527 860 856 782 1348 1055 840 1691 1683 1484 1695 1366 1862 1783 1561 1453 1420 2223 2375 2291 2329 2370 2214 2210 2208 2382 2658 1369 1376 2060 1338 1358 1364 1344 1360 2057 2300 1363 1372 1366 1450 1343 1405 1419 1362 1338 2025 2114 2114 2205 2021 2114 2141 2005 2024 2143 2056 1980 2170 2113 2353 2376 2145 2123
350 363 303 277 1296 380 0 417 336 1342 271 322 413 475 559 1148 1282 543 1381 388 336 578 1271 557 911 467 902 625 940 800 719 1285 999 774 1671 1666 1461 1666 1345 1935 1880 1652 1552 1515 2209 2355 2279 2308 2354 2185 2179 2178 2358 2637 1471 1474 2038 1444 1458 1460 1447 1459 2039 2299 1459 1466 1465 1541 1438 1483 1472 1462 1439 2010 2081 2081 2205 2009 2081 2107 1981 2008 2107 2044 1973 2166 2080 2348 2342 2114 2095
336 341 395 295 1306 331 417 0 302 1389 337 347 404 461 572 1229 1319 557 1398 408 334 669 1293 657 935 487 926 648 969 897 808 1390 1081 873 1697 1690 1493 1704 1373 1859 1775 1555 1447 1408 2208 2360 2286 2315 2364 2178 2173 2173 2344 2638 1362 1366 2053 1323 1349 1353 1323 1347 2048 2295 1350 1355 1358 1599 1342 1306 1312 1366 1330 2014 2085 2085 2239 2016 2086 2110 1987 2017 2108 2058 1978 2148 2084 2397 2399 2108 2088
239 249 308 205 1305 289 336 302 0 1364 247 247 315 406 492 1154 1275 469 1384 312 240 590 1285 581 850 391 837 554 881 823 740 1318 1025 796 1680 1685 1480 1696 1362 1844 1763 1541 1435 1396 2214 2372 2290 2319 2369 2185 2182 2183 2360 2642 1356 1370 2057 1321 1344 1350 1326 1344 2055 2309 1346 1353 1354 1426 1319 1378 1362 1343 1319 2021 2086 2086 2200 2022 2086 2115 1992 2023 2115 2060 1990 2158 2085 2346 2353 2121 2095
1357 1377 1374 1356 1311 1375 1342 1389 1364 0 1354 1379 1377 1398 1451 1211 806 1435 1358 1382 1372 1448 1302 1438 1813 1450 1822 1581 1846 1648 1567 2090 1807 1626 1671 1674 1483 1693 1379 2582 2520 2314 2240 2211 2203 2340 2262 2288 2347 2209 2211 2206 2379 2625 2158 2143 2047 2141 2156 2152 2147 2155 2048 2248 2154 2160 2155 2206 2140 2170 2165 2160 2141 2010 2093 2093 2174 2061 2094 2123 2005 2061 2122 2046 1949 2170 2092 2363 2335 2143 2129
271 281 291 199 1291 298 271 337 247 1354 0 234 318 416 496 1146 1281 479 1390 308 228 552 1264 547 842 387 830 548 876 789 707 1293 988 765 1665 1667 1462 1671 1339 1874 1792 1573 1468 1428 2195 2342 2266 2299 2341 2162 2161 2155 2341 2623 1385 1381 2030 1353 1378 1382 1356 1378 2027 2289 1377 1382 1385 1459 1352 1408 1396 1375 1350 1994 2068 2068 2183 2010 2068 2091 1972 2011 2092 2031 1972 2144 2067 2340 2347 2099 2072
267 267 323 138 1344 291 322 347 247 1379 234 0 315 396 487 1172 1341 466 1428 317 258 598 1319 585 850 396 836 554 885 827 747 1315 1027 799 1722 1714 1516 1737 1396 1870 1795 1569 1463 1424 2222 2376 2302 2330 2379 2215 2207 2209 2389 2669 1377 1392 2062 1347 1363 1373 1345 1368 2058 2309 1369 1374 1370 1611 1356 1393 1386 1387 1346 2029 2109 2109 2262 2047 2109 2139 2019 2048 2138 2064 1990 2183 2108 2420 2426 2142 2124
348 316 392 289 1315 325 413 404 315 1377 318 315 0 463 556 1188 1313 529 1421 363 290 652 1298 647 893 442 881 600 920 882 804 1363 1084 859 1691 1693 1496 1698 1371 1899 1825 1602 1493 1457 2227 2382 2302 2336 2381 2202 2198 2198 2369 2650 1361 1308 2074 1381 1351 1356 1386 1351 2072 2311 1351 1358 1358 1488 1387 1433 1430 1403 1381 2036 2106 2106 2221 2048 2106 2128 2018 2048 2133 2076 2005 2173 2105 2371 2374 2138 2115
367 419 479 359 1346 446 475 461 406 1398 416 396 463 0 393 1226 1339 391 1409 414 362 718 1334 706 929 492 928 655 971 937 867 1434 1139 917 1720 1729 1527 1737 1409 1888 1796 1586 1478 1440 2227 2379 2303 2324 2380 2219 2212 2215 2392 2683 1396 1421 2065 1362 1385 1389 1368 1383 2061 2317 1384 1389 1392 1468 1361 1412 1382 1386 1362 2030 2117 2117 2229 2045 2117 2131 2008 2044 2132 2073 2007 2189 2116 2365 2395 2139 2128
455 513 576 459 1422 489 559 572 492 1451 496 487 556 393 0 1276 1401 162 1453 454 459 797 1405 780 960 536 957 686 1006 1008 937 1506 1212 995 1794 1805 1600 1808 1482 1892 1794 1581 1477 1443 2285 2434 2348 2375 2437 2244 2239 2241 2416 2699 1428 1456 2123 1347 1415 1422 1356 1418 2121 2345 1418 1423 1424 1489 1358 1525 1500 1368 1359 2086 2158 2158 2285 2094 2158 2165 2079 2095 2165 2127 2039 2194 2157 2385 2410 2172 2154
1176 1187 1170 1156 1322 1160 1148 1229 1154 1211 1146 1172 1188 1226 1276 0 1029 1245 1208 1201 1157 1074 1323 1062 1635 1270 1648 1372 1684 1241 1216 1712 1432 1242 1677 1672 1496 1685 1396 2500 2406 2236 2162 2125 2222 2344 2253 2273 2368 2117 2113 2113 2313 2537 2084 2065 2065 2050 2076 2076 2061 2077 2062 2100 2073 2079 2082 2120 2063 2077 2071 2074 2054 2037 2040 2040 2166 2039 2040 2053 2004 2032 2058 2063 1790 2090 2039 2315 2331 2073 2052
1285 1299 1317 1303 1279 1294 1282 1319 1275 806 1281 1341 1313 1339 1401 1029 0 1391 1305 1340 1292 1373 1270 1368 1811 1413 1806 1554 1843 1583 1514 2063 1752 1563 1664 1666 1465 1671 1350 2651 2590 2376 2294 2256 2222 2371 2295 2313 2387 2218 2225 2217 2394 2669 2183 2167 2068 2171 2181 2183 2178 2185 2065 2271 2179 2186 2189 2444 2199 2204 2198 2214 2181 2022 2109 2109 2227 2040 2110 2122 2033 2036 2118 2059 1957 2181 2108 2408 2401 2147 2129
433 482 546 443 1424 463 543 557 469 1435 479 466 529 391 162 1245 1391 0 1449 431 431 776 1409 761 952 511 935 672 978 988 924 1486 1197 978 1798 1808 1603 1815 1485 1858 1770 1551 1445 1411 2300 2450 2364 2392 2447 2244 2239 2240 2417 2701 1397 1425 2138 1315 1390 1395 1323 1389 2135 2359 1389 1394 1395 1458 1324 1506 1481 1336 1327 2100 2154 2154 2287 2091 2154 2169 2080 2092 2167 2138 2047 2205 2153 2393 2416 2172 2154
1377 1411 1403 1380 1046 1397 1381 1398 1384 1358 1390 1428 1421 1409 1453 1208 1305 1449 0 1433 1394 1348 1037 1330 1895 1501 1892 1641 1935 1538 1460 2011 1720 1528 1420 1443 1244 1475 1109 2610 2539 2340 2251 2213 1897 2069 1984 1987 2072 1899 1902 1899 2091 2397 2148 2123 1724 2139 2138 2139 2148 2142 1718 1697 2134 2142 2149 2266 2144 2160 2162 2164 2139 1695 1819 1819 1891 1675 1819 1801 1643 1674 1804 1725 1371 1910 1818 2204 2181 1823 1808
321 339 393 266 1333 288 388 408 312 1382 308 317 363 414 454 1201 1340 431 1433 0 296 655 1312 643 565 83 543 247 582 883 806 1369 1082 864 1711 1711 1508 1713 1388 1771 1688 1459 1359 1319 2223 2377 2297 2328 2372 2201 2194 2199 2374 2654 1285 1337 2066 1241 1270 1277 1243 1274 2059 2315 1274 1280 1281 1346 1237 1423 1370 1263 1239 2028 2104 2104 2222 2044 2104 2129 2015 2045 2129 2066 2002 2166 2103 2357 2382 2139 2111
278 255 313 223 1304 270 336 334 240 1372 228 258 290 362 459 1157 1292 431 1394 296 0 583 1283 573 836 375 816 541 864 812 737 1301 1010 793 1686 1678 1477 1690 1358 1835 1758 1538 1430 1393 2215 2367 2293 2320 2364 2191 2186 2188 2368 2653 1348 1334 2056 1320 1339 1344 1324 1342 2052 2311 1340 1347 1346 1421 1315 1403 1392 1339 1315 2021 2092 2092 2217 2025 2092 2114 2006 2026 2117 2063 1993 2160 2091 2341 2350 2121 2101
607 609 601 547 1483 630 578 669 590 1448 552 598 652 718 797 1074 1373 776 1348 655 583 0 1479 73 1185 732 1169 892 1204 317 244 860 520 293 1852 1847 1669 1882 1554 2147 2105 1887 1783 1747 2370 2510 2435 2455 2500 2146 2141 2139 2336 2598 1711 1693 2199 1675 1698 1699 1682 1699 2199 2245 1695 1705 1705 1770 1672 1721 1709 1693 1669 2167 2059 2058 2348 2173 2059 2072 2140 2170 2074 2197 1916 2125 2058 2398 2396 2075 2056
1275 1304 1303 1282 87 1289 1271 1293 1285 1302 1264 1319 1298 1334 1405 1323 1270 1409 1037 1312 1283 1479 0 1461 1792 1360 1765 1517 1821 1675 1597 2130 1856 1657 459 457 229 482 96 2590 2501 2307 2205 2160 1880 2048 1956 1986 2034 2092 2096 2095 2258 2555 2096 2085 1719 2098 2089 2091 2109 2096 1712 1902 2089 2095 2097 2303 2121 2112 2116 2140 2105 1678 2001 2000 1712 1688 2002 2011 1616 1685 2012 1718 1712 2079 2000 2288 2280 2019 2002
596 597 589 533 1466 619 557 657 581 1438 547 585 647 706 780 1062 1368 761 1330 643 573 73 1461 0 1173 720 1152 880 1189 244 171 797 451 221 1834 1829 1648 1862 1536 2129 2093 1875 1772 1735 2355 2496 2423 2441 2492 2134 2129 2127 2325 2586 1694 1683 2185 1664 1681 1683 1671 1683 2189 2230 1679 1688 1689 1760 1660 1710 1698 1681 1657 2155 2046 2045 2333 2161 2046 2060 2127 2158 2064 2185 1905 2114 2045 2388 2386 2067 2044
856 868 924 804 1813 830 911 935 850 1813 842 850 893 929 960 1635 1811 952 1895 565 836 1185 1792 1173 0 648 1062 800 1104 1399 1326 1863 1602 1361 2178 2170 1964 2155 1861 2137 2066 1813 1751 1710 2538 2684 2608 2651 2711 2543 2544 2545 2733 2977 1657 1716 2405 1632 1642 1650 1634 1653 2399 2652 1653 1653 1652 1736 1631 1806 1754 1652 1630 2366 2462 2462 2579 2403 2462 2488 2372 2404 2485 2386 2330 2524 2461 2701 2729 2496 2470
399 415 469 345 1382 371 467 487 391 1450 387 396 442 492 536 1270 1413 511 1501 83 375 732 1360 720 648 0 621 330 665 960 868 1446 1159 941 1758 1759 1556 1761 1436 1853 1770 1541 1431 1396 2290 2428 2364 2395 2434 2268 2261 2266 2431 2705 1363 1419 2133 1323 1350 1357 1325 1356 2126 2358 1354 1360 1361 1423 1319 1500 1447 1345 1321 2095 2171 2171 2265 2111 2171 2196 2082 2112 2196 2133 2069 2231 2170 2421 2445 2206 2178
846 861 911 789 1789 813 902 926 837 1822 830 836 881 928 957 1648 1806 935 1892 543 816 1169 1765 1152 1062 621 0 790 1075 1392 1286 1824 1586 1347 2139 2139 1928 2138 1831 2127 2094 1835 1745 1711 2549 2703 2650 2689 2721 2538 2531 2536 2702 2947 1687 1744 2434 1647 1672 1680 1648 1681 2432 2635 1678 1684 1683 1748 1643 1832 1779 1667 1645 2389 2443 2443 2536 2384 2443 2465 2367 2388 2463 2405 2336 2508 2442 2693 2718 2478 2448
566 581 636 503 1538 527 625 648 554 1581 548 554 600 655 686 1372 1554 672 1641 247 541 892 1517 880 800 330 790 0 829 1092 1043 1606 1292 1101 1916 1916 1713 1901 1593 2012 1898 1700 1600 1560 2435 2578 2472 2531 2565 2407 2398 2404 2591 2858 1522 1578 2277 1481 1507 1514 1484 1512 2269 2527 1514 1517 1518 1585 1478 1659 1606 1504 1480 2240 2321 2321 2433 2254 2321 2345 2227 2255 2345 2277 2216 2380 2320 2572 2592 2356 2328
886 900 956 835 1842 860 940 969 881 1846 876 885 920 971 1006 1684 1843 978 1935 582 864 1204 1821 1189 1104 665 1075 829 0 1429 1352 1833 1595 1385 2204 2196 1991 2204 1897 2226 2154 1915 1849 1809 2628 2786 2731 2764 2789 2635 2628 2633 2808 3055 1758 1805 2507 1731 1745 1752 1733 1749 2499 2752 1749 1754 1755 1822 1727 1900 1855 1753 1729 2464 2541 2541 2635 2463 2541 2561 2429 2464 2568 2474 2412 2605 2540 2779 2799 2572 2545
835 836 829 776 1679 856 800 897 823 1648 789 827 882 937 1008 1241 1583 988 1538 883 812 317 1675 244 1399 960 1392 1092 1429 0 415 1041 675 465 2048 2043 1862 2055 1750 2362 2288 2108 2005 1968 2574 2701 2599 2648 2698 2339 2337 2336 2544 2789 1924 1919 2402 1897 1913 1915 1904 1915 2406 2445 1913 1920 1921 1984 1894 1945 1933 1914 1890 2374 2262 2261 2549 2376 2262 2279 2345 2373 2283 2402 2123 2324 2261 2586 2585 2287 2263
757 758 748 694 1603 782 719 808 740 1567 707 747 804 867 937 1216 1514 924 1460 806 737 244 1597 171 1326 868 1286 1043 1352 415 0 968 612 392 1963 1965 1784 1988 1668 2223 2193 1975 1859 1822 2457 2585 2525 2543 2587 2219 2214 2212 2396 2656 1790 1782 2286 1764 1778 1780 1771 1782 2290 2310 1776 1785 1786 1855 1759 1807 1795 1782 1757 2257 2137 2135 2414 2255 2138 2145 2223 2252 2149 2286 2006 2202 2136 2481 2477 2152 2129
1314 1323 1328 1267 2135 1348 1285 1390 1318 2090 1293 1315 1363 1434 1506 1712 2063 1486 2011 1369 1301 860 2130 797 1863 1446 1824 1606 1833 1041 968 0 1202 981 2471 2446 2285 2508 2205 2731 2720 2500 2429 2392 2944 3076 3039 3036 3090 2763 2758 2756 2929 3163 2335 2324 2799 2321 2323 2330 2328 2331 2803 2861 2327 2329 2334 2409 2317 2358 2350 2338 2314 2775 2681 2680 2943 2771 2681 2691 2737 2768 2694 2793 2513 2744 2680 2963 2974 2694 2673
1039 1037 1030 975 1861 1055 999 1081 1025 1807 988 1027 1084 1139 1212 1432 1752 1197 1720 1082 1010 520 1856 451 1602 1159 1586 1292 1595 675 612 1202 0 672 2229 2224 2043 2228 1925 2510 2440 2261 2155 2121 2702 2843 2754 2788 2820 2497 2492 2490 2688 2949 2080 2070 2534 2047 2068 2072 2057 2070 2538 2579 2068 2072 2079 2140 2045 2093 2082 2067 2043 2502 2408 2407 2690 2514 2408 2416 2486 2511 2422 2533 2260 2459 2407 2736 2728 2428 2407
815 808 807 752 1662 840 774 873 796 1626 765 799 859 917 995 1242 1563 978 1528 864 793 293 1657 221 1361 941 1347 1101 1385 465 392 981 672 0 2030 2006 1806 2018 1732 2312 2312 2061 1991 1954 2529 2668 2618 2636 2687 2336 2331 2329 2527 2762 1907 1896 2380 1883 1894 1898 1890 1898 2384 2424 1894 1901 1902 1973 1879 1921 1909 1900 1876 2350 2242 2241 2529 2358 2242 2261 2320 2352 2265 2380 2100 2314 2241 2573 2578 2269 2246
1674 1697 1697 1686 534 1691 1671 1697 1680 1671 1665 1722 1691 1720 1794 1677 1664 1798 1420 1711 1686 1852 459 1834 2178 1758 2139 1916 2204 2048 1963 2471 2229 2030 0 892 688 941 555 2877 2818 2624 2509 2469 2196 2359 2269 2268 2342 2403 2407 2406 2526 2828 2403 2397 2032 2414 2400 2400 2425 2407 2025 2205 2400 2407 2409 2623 2440 2426 2430 2450 2422 1994 2318 2317 2034 2021 2319 2320 1940 2017 2323 2036 2009 2390 2317 2600 2596 2328 2313
1676 1703 1699 1679 527 1683 1666 1690 1685 1674 1667 1714 1693 1729 1805 1672 1666 1808 1443 1711 1678 1847 457 1829 2170 1759 2139 1916 2196 2043 1965 2446 2224 2006 892 0 657 919 553 2933 2902 2693 2606 2561 2256 2427 2359 2355 2437 2489 2493 2492 2630 2897 2484 2476 2125 2496 2478 2480 2509 2486 2121 2283 2475 2485 2486 2695 2522 2505 2509 2539 2506 2081 2392 2391 2127 2105 2393 2409 2029 2102 2403 2120 2102 2476 2391 2663 2652 2412 2399
1473 1500 1500 1482 314 1484 1461 1493 1480 1483 1462 1516 1496 1527 1600 1496 1465 1603 1244 1508 1477 1669 229 1648 1964 1556 1928 1713 1991 1862 1784 2285 2043 1806 688 657 0 688 325 2763 2697 2475 2401 2356 2056 2225 2155 2185 2233 2286 2290 2289 2452 2718 2292 2282 1921 2293 2286 2289 2304 2294 1915 2097 2286 2291 2294 2495 2317 2305 2310 2336 2301 1877 2200 2199 1919 1897 2201 2202 1829 1894 2205 1917 1914 2272 2199 2482 2476 2213 2196
1683 1713 1714 1703 569 1695 1666 1704 1696 1693 1671 1737 1698 1737 1808 1685 1671 1815 1475 1713 1690 1882 482 1862 2155 1761 2138 1901 2204 2055 1988 2508 2228 2018 941 919 688 0 561 2931 2863 2645 2572 2529 2235 2397 2315 2369 2417 2472 2476 2475 2638 2901 2455 2446 2101 2463 2447 2452 2476 2458 2092 2272 2451 2454 2458 2666 2490 2475 2477 2506 2474 2061 2386 2385 2111 2083 2387 2388 2025 2078 2392 2098 2099 2456 2385 2650 2638 2399 2382
1349 1380 1378 1363 183 1366 1345 1373 1362 1379 1339 1396 1371 1409 1482 1396 1350 1485 1109 1388 1358 1554 96 1536 1861 1436 1831 1593 1897 1750 1668 2205 1925 1732 555 553 325 561 0 2613 2541 2347 2239 2200 1918 2086 1994 2024 2072 2131 2135 2134 2297 2594 2135 2124 1761 2137 2128 2127 2148 2135 1754 1944 2128 2134 2136 2341 2162 2151 2154 2179 2145 1716 2039 2038 1757 1726 2040 2050 1658 1723 2051 1761 1754 2118 2038 2322 2315 2058 2041
1859 1868 1918 1849 2602 1862 1935 1859 1844 2582 1874 1870 1899 1888 1892 2500 2651 1858 2610 1771 1835 2147 2590 2129 2137 1853 2127 2012 2226 2362 2223 2731 2510 2312 2877 2933 2763 2931 2613 0 1165 900 870 785 1870 2018 2024 1966 2043 2336 2334 2333 2487 2738 794 869 1745 715 783 788 722 785 1736 1953 783 787 787 886 740 1001 916 728 701 1696 2232 2232 2441 2212 2233 2258 2219 2211 2263 2251 2144 2290 2233 2624 2650 2264 2247
1777 1786 1853 1765 2523 1783 1880 1775 1763 2520 1792 1795 1825 1796 1794 2406 2590 1770 2539 1688 1758 2105 2501 2093 2066 1770 2094 1898 2154 2288 2193 2720 2440 2312 2818 2902 2697 2863 2541 1165 0 693 650 548 1680 1819 1794 1766 1801 2217 2211 2209 2405 2665 572 638 1527 479 559 566 486 561 1512 1753 562 563 564 657 502 760 686 499 464 1484 2110 2110 2309 2064 2111 2150 2091 2066 2144 2130 2039 2166 2111 2533 2545 2161 2137
1556 1565 1621 1541 2328 1561 1652 1555 1541 2314 1573 1569 1602 1586 1581 2236 2376 1551 2340 1459 1538 1887 2307 1875 1813 1541 1835 1700 1915 2108 1975 2500 2261 2061 2624 2693 2475 2645 2347 900 693 0 415 313 1463 1604 1624 1583 1634 2014 2012 2011 2193 2435 331 407 1330 248 319 325 254 320 1322 1543 321 325 323 424 268 545 464 261 229 1287 1903 1903 2110 1874 1904 1939 1894 1874 1936 1933 1841 1963 1904 2337 2350 1947 1925
1448 1455 1516 1433 2224 1453 1552 1447 1435 2240 1468 1463 1493 1478 1477 2162 2294 1445 2251 1359 1430 1783 2205 1772 1751 1431 1745 1600 1849 2005 1859 2429 2155 1991 2509 2606 2401 2572 2239 870 650 415 0 257 1444 1590 1585 1544 1583 1988 1986 1985 2164 2438 293 371 1293 203 281 284 209 284 1282 1483 283 287 285 381 225 497 416 217 186 1248 1878 1878 2047 1831 1879 1912 1850 1832 1908 1896 1803 1938 1879 2284 2304 1920 1899
1411 1418 1477 1394 2184 1420 1515 1408 1396 2211 1428 1424 1457 1440 1443 2125 2256 1411 2213 1319 1393 1747 2160 1735 1710 1396 1711 1560 1809 1968 1822 2392 2121 1954 2469 2561 2356 2529 2200 785 548 313 257 0 1360 1503 1501 1460 1501 1898 1896 1895 2068 2350 196 274 1207 105 186 192 111 187 1194 1406 188 192 190 282 125 398 317 119 84 1164 1785 1785 1963 1747 1786 1822 1763 1747 1818 1810 1715 1844 1786 2210 2229 1830 1809
2209 2235 2234 2195 1909 2223 2209 2208 2214 2203 2195 2222 2227 2227 2285 2222 2222 2300 1897 2223 2215 2370 1880 2355 2538 2290 2549 2435 2628 2574 2457 2944 2702 2529 2196 2256 2056 2235 1918 1870 1680 1463 1444 1360 0 605 609 548 620 1863 1867 1865 2048 2299 1291 1273 328 1293 1286 1291 1295 1293 319 902 1288 1290 1297 1397 1296 1328 1322 1303 1288 223 1750 1750 1588 1456 1749 1785 1328 1452 1771 966 1176 1865 1751 2151 2179 1784 1773
2363 2386 2387 2349 2079 2375 2355 2360 2372 2340 2342 2376 2382 2379 2434 2344 2371 2450 2069 2377 2367 2510 2048 2496 2684 2428 2703 2578 2786 2701 2585 3076 2843 2668 2359 2427 2225 2397 2086 2018 1819 1604 1590 1503 605 0 780 712 764 2034 2044 2034 2229 2460 1438 1425 511 1445 1435 1440 1448 1445 504 1049 1438 1439 1446 1550 1451 1475 1471 1454 1440 405 1935 1934 1743 1631 1934 1967 1510 1627 1958 1151 1355 2047 1936 2317 2336 1969 1959
2280 2311 2307 2274 1986 2291 2279 2286 2290 2262 2266 2302 2302 2303 2348 2253 2295 2364 1984 2297 2293 2435 1956 2423 2608 2364 2650 2472 2731 2599 2525 3039 2754 2618 2269 2359 2155 2315 1994 2024 1794 1624 1585 1501 609 780 0 696 773 1929 1945 1939 2135 2398 1435 1421 480 1429 1431 1435 1436 1438 476 1064 1433 1435 1438 1542 1440 1468 1461 1443 1429 386 1836 1836 1663 1530 1835 1870 1407 1526 1859 1044 1230 1934 1837 2222 2243 1871 1860
2311 2338 2336 2302 2012 2329 2308 2315 2319 2288 2299 2330 2336 2324 2375 2273 2313 2392 1987 2328 2320 2455 1986 2441 2651 2395 2689 2531 2764 2648 2543 3036 2788 2636 2268 2355 2185 2369 2024 1966 1766 1583 1544 1460 548 712 696 0 709 1950 1955 1952 2124 2390 1392 1377 433 1393 1386 1391 1394 1394 423 982 1389 1391 1398 1492 1396 1433 1426 1403 1388 325 1846 1846 1697 1572 1845 1883 1448 1568 1872 1071 1250 1961 1847 2236 2256 1878 1873
2361 2386 2387 2350 2069 2370 2354 2364 2369 2347 2341 2379 2381 2380 2437 2368 2387 2447 2072 2372 2364 2500 2034 2492 2711 2434 2721 2565 2789 2698 2587 3090 2820 2687 2342 2437 2233 2417 2072 2043 1801 1634 1583 1501 620 764 773 709 0 2029 2033 2027 2210 2486 1440 1433 507 1444 1436 1437 1446 1446 496 1030 1439 1438 1447 1549 1448 1479 1473 1454 1439 397 1920 1920 1723 1628 1919 1955 1514 1624 1944 1145 1341 2033 1921 2310 2331 1954 1947
2185 2204 2207 2176 2108 2214 2185 2178 2185 2209 2162 2215 2202 2219 2244 2117 2218 2244 1899 2201 2191 2146 2092 2134 2543 2268 2538 2407 2635 2339 2219 2763 2497 2336 2403 2489 2286 2472 2131 2336 2217 2014 1988 1898 1863 2034 1929 1950 2029 0 187 184 409 720 1822 1797 1698 1821 1813 1815 1832 1817 1695 1811 1809 1816 1821 1935 1829 1842 1821 1847 1823 1670 467 467 1267 1009 468 246 1038 1008 201 1097 1019 528 468 1594 1589 173 98
2180 2199 2202 2169 2112 2210 2179 2173 2182 2211 2161 2207 2198 2212 2239 2113 2225 2239 1902 2194 2186 2141 2096 2129 2544 2261 2531 2398 2628 2337 2214 2758 2492 2331 2407 2493 2290 2476 2135 2334 2211 2012 1986 1896 1867 2044 1945 1955 2033 187 0 181 409 724 1823 1795 1702 1819 1812 1814 1830 1815 1699 1815 1809 1816 1820 1932 1829 1840 1819 1845 1821 1674 469 469 1269 1008 470 246 1039 1007 201 1101 1020 528 470 1599 1594 173 98
2181 2201 2206 2170 2111 2208 2178 2173 2183 2206 2155 2209 2198 2215 2241 2113 2217 2240 1899 2199 2188 2139 2095 2127 2545 2266 2536 2404 2633 2336 2212 2756 2490 2329 2406 2492 2289 2475 2134 2333 2209 2011 1985 1895 1865 2034 1939 1952 2027 184 181 0 409 704 1817 1794 1700 1818 1808 1810 1829 1813 1697 1813 1806 1811 1816 1934 1827 1838 1818 1844 1820 1672 468 468 1268 1009 469 246 1038 1008 201 1099 1018 527 469 1599 1590 173 98
2358 2377 2386 2351 2268 2382 2358 2344 2360 2379 2341 2389 2369 2392 2416 2313 2394 2417 2091 2374 2368 2336 2258 2325 2733 2431 2702 2591 2808 2544 2396 2929 2688 2527 2526 2630 2452 2638 2297 2487 2405 2193 2164 2068 2048 2229 2135 2124 2210 409 409 409 0 897 1994 1973 1886 1999 1986 1985 2010 1992 1880 1977 1981 1993 1994 2113 2007 2012 1991 2025 2002 1855 671 671 1415 1192 672 459 1213 1191 414 1285 1212 735 672 1764 1764 381 311
2641 2665 2673 2636 2569 2658 2637 2638 2642 2625 2623 2669 2650 2683 2699 2537 2669 2701 2397 2654 2653 2598 2555 2586 2977 2705 2947 2858 3055 2789 2656 3163 2949 2762 2828 2897 2718 2901 2594 2738 2665 2435 2438 2350 2299 2460 2398 2390 2486 720 724 704 897 0 2267 2254 2167 2278 2263 2269 2289 2275 2165 2268 2264 2268 2271 2389 2286 2301 2281 2297 2280 2134 978 978 1719 1487 979 783 1514 1486 738 1564 1499 1049 979 2034 2048 703 636
1374 1360 1437 1351 2117 1369 1471 1362 1356 2158 1385 1377 1361 1396 1428 2084 2183 1397 2148 1285 1348 1711 2096 1694 1657 1363 1687 1522 1758 1924 1790 2335 2080 1907 2403 2484 2292 2455 2135 794 572 331 293 196 1291 1438 1435 1392 1440 1822 1823 1817 1994 2267 0 110 1155 122 24 28 126 28 1142 1362 21 19 28 255 140 353 273 133 115 1099 1711 1711 1909 1689 1712 1742 1687 1689 1743 1747 1663 1768 1712 2140 2154 1756 1735
1390 1362 1437 1366 2103 1376 1474 1366 1370 2143 1381 1392 1308 1421 1456 2065 2167 1425 2123 1337 1334 1693 2085 1683 1716 1419 1744 1578 1805 1919 1782 2324 2070 1896 2397 2476 2282 2446 2124 869 638 407 371 274 1273 1425 1421 1377 1433 1797 1795 1794 1973 2254 110 0 1136 197 100 104 199 99 1118 1348 100 108 100 330 215 360 346 208 190 1081 1697 1697 1894 1666 1698 1721 1663 1666 1719 1728 1647 1744 1698 2131 2140 1729 1708
2048 2075 2072 2040 1749 2060 2038 2053 2057 2047 2030 2062 2074 2065 2123 2065 2068 2138 1724 2066 2056 2199 1719 2185 2405 2133 2434 2277 2507 2402 2286 2799 2534 2380 2032 2125 1921 2101 1761 1745 1527 1330 1293 1207 328 511 480 433 507 1698 1702 1700 1886 2167 1155 1136 0 1141 1149 1153 1145 1155 90 709 1150 1153 1155 1251 1146 1173 1168 1152 1135 110 1590 1589 1410 1273 1589 1618 1147 1269 1609 736 958 1693 1591 1994 2011 1616 1608
1335 1344 1410 1311 2118 1338 1444 1323 1321 2141 1353 1347 1381 1362 1347 2050 2171 1315 2139 1241 1320 1675 2098 1664 1632 1323 1647 1481 1731 1897 1764 2321 2047 1883 2414 2496 2293 2463 2137 715 479 248 203 105 1293 1445 1429 1393 1444 1821 1819 1818 1999 2278 122 197 1141 0 109 115 23 110 1126 1357 111 115 113 177 48 331 248 40 21 1097 1710 1709 1908 1668 1711 1745 1680 1668 1741 1735 1643 1769 1711 2125 2143 1753 1732
1362 1349 1426 1338 2110 1358 1458 1349 1344 2156 1378 1363 1351 1385 1415 2076 2181 1390 2138 1270 1339 1698 2089 1681 1642 1350 1672 1507 1745 1913 1778 2323 2068 1894 2400 2478 2286 2447 2128 783 559 319 281 186 1286 1435 1431 1386 1436 1813 1812 1808 1986 2263 24 100 1149 109 0 18 113 16 1134 1357 15 22 18 242 129 342 262 120 102 1094 1707 1707 1905 1678 1708 1735 1678 1678 1736 1738 1653 1762 1708 2129 2146 1746 1726
1368 1354 1428 1343 2111 1364 1460 1353 1350 2152 1382 1373 1356 1389 1422 2076 2183 1395 2139 1277 1344 1699 2091 1683 1650 1357 1680 1514 1752 1915 1780 2330 2072 1898 2400 2480 2289 2452 2127 788 566 325 284 192 1291 1440 1435 1391 1437 1815 1814 1810 1985 2269 28 104 1153 115 18 0 119 16 1138 1354 18 25 18 250 135 345 265 126 108 1098 1706 1706 1903 1680 1707 1737 1680 1680 1738 1742 1654 1764 1707 2135 2150 1748 1728
1339 1347 1414 1309 2129 1344 1447 1323 1326 2147 1356 1345 1386 1368 1356 2061 2178 1323 2148 1243 1324 1682 2109 1671 1634 1325 1648 1484 1733 1904 1771 2328 2057 1890 2425 2509 2304 2476 2148 722 486 254 209 111 1295 1448 1436 1394 1446 1832 1830 1829 2010 2289 126 199 1145 23 113 119 0 114 1128 1362 115 119 117 183 54 331 250 45 27 1099 1718 1718 1920 1678 1719 1756 1692 1678 1752 1741 1651 1775 1719 2134 2153 1764 1743
1365 1350 1427 1339 2117 1360 1459 1347 1344 2155 1378 1368 1351 1383 1418 2077 2185 1389 2142 1274 1342 1699 2096 1683 1653 1356 1681 1512 1749 1915 1782 2331 2070 1898 2407 2486 2294 2458 2135 785 561 320 284 187 1293 1445 1438 1394 1446 1817 1815 1813 1992 2275 28 99 1155 110 16 16 114 0 1139 1359 15 23 14 246 130 342 260 121 103 1100 1709 1709 1911 1683 1710 1738 1683 1683 1739 1747 1658 1766 1710 2135 2151 1750 1729
2048 2072 2070 2035 1742 2057 2039 2048 2055 2048 2027 2058 2072 2061 2121 2062 2065 2135 1718 2059 2052 2199 1712 2189 2399 2126 2432 2269 2499 2406 2290 2803 2538 2384 2025 2121 1915 2092 1754 1736 1512 1322 1282 1194 319 504 476 423 496 1695 1699 1697 1880 2165 1142 1118 90 1126 1134 1138 1128 1139 0 697 1135 1138 1140 1234 1130 1161 1154 1135 1122 100 1589 1589 1405 1272 1588 1615 1143 1268 1606 756 959 1698 1590 1987 2009 1613 1605
2299 2322 2315 2280 1940 2300 2299 2295 2309 2248 2289 2309 2311 2317 2345 2100 2271 2359 1697 2315 2311 2245 1902 2230 2652 2358 2635 2527 2752 2445 2310 2861 2579 2424 2205 2283 2097 2272 1944 1953 1753 1543 1483 1406 902 1049 1064 982 1030 1811 1815 1813 1977 2268 1362 1348 709 1357 1357 1354 1362 1359 697 0 1351 1359 1360 1461 1360 1383 1387 1371 1354 687 1719 1718 1394 1658 1718 1719 1561 1653 1723 1351 901 1807 1720 2175 2167 1736 1721
1365 1350 1424 1339 2110 1363 1459 1350 1346 2154 1377 1369 1351 1384 1418 2073 2179 1389 2134 1274 1340 1695 2089 1679 1653 1354 1678 1514 1749 1913 1776 2327 2068 1894 2400 2475 2286 2451 2128 783 562 321 283 188 1288 1438 1433 1389 1439 1809 1809 1806 1981 2264 21 100 1150 111 15 18 115 15 1135 1351 0 14 17 247 129 344 262 120 104 1095 1701 1701 1904 1679 1702 1730 1677 1679 1731 1741 1654 1758 1702 2130 2144 1742 1721
1371 1356 1432 1346 2115 1372 1466 1355 1353 2160 1382 1374 1358 1389 1423 2079 2186 1394 2142 1280 1347 1705 2095 1688 1653 1360 1684 1517 1754 1920 1785 2329 2072 1901 2407 2485 2291 2454 2134 787 563 325 287 192 1290 1439 1435 1391 1438 1816 1816 1811 1993 2268 19 108 1153 115 22 25 119 23 1138 1359 14 0 24 247 133 348 268 126 108 1098 1707 1707 1911 1685 1708 1738 1683 1685 1739 1745 1659 1762 1708 2136 2150 1748 1729
1370 1356 1433 1345 2118 1366 1465 1358 1354 2155 1385 1370 1358 1392 1424 2082 2189 1395 2149 1281 1346 1705 2097 1689 1652 1361 1683 1518 1755 1921 1786 2334 2079 1902 2409 2486 2294 2458 2136 787 564 323 285 190 1297 1446 1438 1398 1447 1821 1820 1816 1994 2271 28 100 1155 113 18 18 117 14 1140 1360 17 24 0 247 133 343 263 124 106 1105 1714 1714 1914 1688 1715 1743 1688 1688 1744 1748 1656 1769 1715 2137 2154 1754 1734
1442 1452 1514 1587 2333 1450 1541 1599 1426 2206 1459 1611 1488 1468 1489 2120 2444 1458 2266 1346 1421 1770 2303 1760 1736 1423 1748 1585 1822 1984 1855 2409 2140 1973 2623 2695 2495 2666 2341 886 657 424 381 282 1397 1550 1542 1492 1549 1935 1932 1934 2113 2389 255 330 1251 177 242 250 183 246 1234 1461 247 247 247 0 198 467 384 263 202 1204 1828 1828 2184 1798 1829 1861 1874 1798 1855 1852 1757 1885 1829 2401 2420 1869 1848
1333 1344 1406 1325 2141 1343 1438 1342 1319 2140 1352 1356 1387 1361 1358 2063 2199 1324 2144 1237 1315 1672 2121 1660 1631 1319 1643 1478 1727 1894 1759 2317 2045 1879 2440 2522 2317 2490 2162 740 502 268 225 125 1296 1451 1440 1396 1448 1829 1829 1827 2007 2286 140 215 1146 48 129 135 54 130 1130 1360 129 133 133 198 0 349 266 63 41 1100 1720 1720 1921 1682 1721 1753 1696 1682 1749 1744 1649 1773 1721 2157 2176 1761 1740
1365 1399 1460 1364 2120 1405 1483 1306 1378 2170 1408 1393 1433 1412 1525 2077 2204 1506 2160 1423 1403 1721 2112 1710 1806 1500 1832 1659 1900 1945 1807 2358 2093 1921 2426 2505 2305 2475 2151 1001 760 545 497 398 1328 1475 1468 1433 1479 1842 1840 1838 2012 2301 353 360 1173 331 342 345 331 342 1161 1383 344 348 343 467 349 0 109 342 321 1132 1727 1727 1956 1700 1728 1759 1690 1701 1762 1774 1662 1796 1728 2153 2177 1771 1753
1357 1388 1452 1354 2126 1419 1472 1312 1362 2165 1396 1386 1430 1382 1500 2071 2198 1481 2162 1370 1392 1709 2116 1698 1754 1447 1779 1606 1855 1933 1795 2350 2082 1909 2430 2509 2310 2477 2154 916 686 464 416 317 1322 1471 1461 1426 1473 1821 1819 1818 1991 2281 273 346 1168 248 262 265 250 260 1154 1387 262 268 263 384 266 109 0 259 239 1125 1711 1711 1954 1701 1712 1738 1688 1702 1736 1771 1663 1778 1712 2144 2178 1750 1732
1357 1365 1430 1351 2162 1362 1462 1366 1343 2160 1375 1387 1403 1386 1368 2074 2214 1336 2164 1263 1339 1693 2140 1681 1652 1345 1667 1504 1753 1914 1782 2338 2067 1900 2450 2539 2336 2506 2179 728 499 261 217 119 1303 1454 1443 1403 1454 1847 1845 1844 2025 2297 133 208 1152 40 120 126 45 121 1135 1371 120 126 124 263 63 342 259 0 35 1107 1733 1733 1943 1695 1734 1769 1719 1695 1767 1754 1662 1791 1734 2160 2179 1779 1758
1333 1341 1404 1316 2126 1338 1439 1330 1319 2141 1350 1346 1381 1362 1359 2054 2181 1327 2139 1239 1315 1669 2105 1657 1630 1321 1645 1480 1729 1890 1757 2314 2043 1876 2422 2506 2301 2474 2145 701 464 229 186 84 1288 1440 1429 1388 1439 1823 1821 1820 2002 2280 115 190 1135 21 102 108 27 103 1122 1354 104 108 106 202 41 321 239 35 0 1092 1711 1711 1910 1673 1712 1747 1688 1673 1743 1738 1643 1769 1712 2143 2160 1755 1734
2012 2039 2039 2001 1708 2025 2010 2014 2021 2010 1994 2029 2036 2030 2086 2037 2022 2100 1695 2028 2021 2167 1678 2155 2366 2095 2389 2240 2464 2374 2257 2775 2502 2350 1994 2081 1877 2061 1716 1696 1484 1287 1248 1164 223 405 386 325 397 1670 1674 1672 1855 2134 1099 1081 110 1097 1094 1098 1099 1100 100 687 1095 1098 1105 1204 1100 1132 1125 1107 1092 0 1556 1556 1387 1257 1555 1590 1130 1253 1579 748 956 1671 1557 1960 1983 1589 1580
2090 2110 2102 2078 2018 2114 2081 2085 2086 2093 2068 2109 2106 2117 2158 2040 2109 2154 1819 2104 2092 2059 2001 2046 2462 2171 2443 2321 2541 2262 2137 2681 2408 2242 2318 2392 2200 2386 2039 2232 2110 1903 1878 1785 1750 1935 1836 1846 1920 467 469 468 671 978 1711 1697 1590 1710 1707 1706 1718 1709 1589 1719 1701 1707 1714 1828 1720 1727 1711 1733 1711 1556 0 0 1166 898 1 317 924 897 341 984 902 501 1 1526 1509 369 371
2090 2110 2102 2078 2017 2114 2081 2085 2086 2093 2068 2109 2106 2117 2158 2040 2109 2154 1819 2104 2092 2058 2000 2045 2462 2171 2443 2321 2541 2261 2135 2680 2407 2241 2317 2391 2199 2385 2038 2232 2110 1903 1878 1785 1750 1934 1836 1846 1920 467 469 468 671 978 1711 1697 1589 1709 1707 1706 1718 1709 1589 1718 1701 1707 1714 1828 1720 1727 1711 1733 1711 1556 0 0 1165 898 1 317 924 897 341 984 902 501 1 1526 1509 369 371
2197 2218 2226 2231 1771 2205 2205 2239 2200 2174 2183 2262 2221 2229 2285 2166 2227 2287 1891 2222 2217 2348 1712 2333 2579 2265 2536 2433 2635 2549 2414 2943 2690 2529 2034 2127 1919 2111 1757 2441 2309 2110 2047 1963 1588 1743 1663 1697 1723 1267 1269 1268 1415 1719 1909 1894 1410 1908 1905 1903 1920 1911 1405 1394 1904 1911 1914 2184 1921 1956 1954 1943 1910 1387 1166 1165 0 814 1165 1165 540 814 1174 770 986 1290 1167 1712 1703 1188 1172
2001 2034 2043 2003 1724 2021 2009 2016 2022 2061 2010 2047 2048 2045 2094 2039 2040 2091 1675 2044 2025 2173 1688 2161 2403 2111 2384 2254 2463 2376 2255 2771 2514 2358 2021 2105 1897 2083 1726 2212 2064 1874 1831 1747 1456 1631 1530 1572 1628 1009 1008 1009 1192 1487 1689 1666 1273 1668 1678 1680 1678 1683 1272 1658 1679 1685 1688 1798 1682 1700 1701 1695 1673 1257 898 898 814 0 899 909 544 18 908 660 819 1013 899 1516 1516 928 917
2090 2110 2103 2078 2019 2114 2081 2086 2086 2094 2068 2109 2106 2117 2158 2040 2110 2154 1819 2104 2092 2059 2002 2046 2462 2171 2443 2321 2541 2262 2138 2681 2408 2242 2319 2393 2201 2387 2040 2233 2111 1904 1879 1786 1749 1934 1835 1845 1919 468 470 469 672 979 1712 1698 1589 1711 1708 1707 1719 1710 1588 1718 1702 1708 1715 1829 1721 1728 1712 1734 1712 1555 1 1 1165 899 0 318 925 898 342 983 901 502 2 1527 1510 370 372
2118 2132 2133 2105 2027 2141 2107 2110 2115 2123 2091 2139 2128 2131 2165 2053 2122 2169 1801 2129 2114 2072 2011 2060 2488 2196 2465 2345 2561 2279 2145 2691 2416 2261 2320 2409 2202 2388 2050 2258 2150 1939 1912 1822 1785 1967 1870 1883 1955 246 246 246 459 783 1742 1721 1618 1745 1735 1737 1756 1738 1615 1719 1730 1738 1743 1861 1753 1759 1738 1769 1747 1590 317 317 1165 909 318 0 934 908 85 1007 916 384 318 1516 1487 159 148
1988 2011 2005 1987 1645 2005 1981 1987 1992 2005 1972 2019 2018 2008 2079 2004 2033 2080 1643 2015 2006 2140 1616 2127 2372 2082 2367 2227 2429 2345 2223 2737 2486 2320 1940 2029 1829 2025 1658 2219 2091 1894 1850 1763 1328 1510 1407 1448 1514 1038 1039 1038 1213 1514 1687 1663 1147 1680 1678 1680 1692 1683 1143 1561 1677 1683 1688 1874 1696 1690 1688 1719 1688 1130 924 924 540 544 925 934 0 544 947 508 713 1051 925 1488 1515 953 942
2002 2035 2045 2004 1721 2024 2008 2017 2023 2061 2011 2048 2048 2044 2095 2032 2036 2092 1674 2045 2026 2170 1685 2158 2404 2112 2388 2255 2464 2373 2252 2768 2511 2352 2017 2102 1894 2078 1723 2211 2066 1874 1832 1747 1452 1627 1526 1568 1624 1008 1007 1008 1191 1486 1689 1666 1269 1668 1678 1680 1678 1683 1268 1653 1679 1685 1688 1798 1682 1701 1702 1695 1673 1253 897 897 814 18 898 908 544 0 907 656 812 1012 898 1514 1508 927 916
2115 2130 2133 2102 2028 2143 2107 2108 2115 2122 2092 2138 2133 2132 2165 2058 2118 2167 1804 2129 2117 2074 2012 2064 2485 2196 2463 2345 2568 2283 2149 2694 2422 2265 2323 2403 2205 2392 2051 2263 2144 1936 1908 1818 1771 1958 1859 1872 1944 201 201 201 414 738 1743 1719 1609 1741 1736 1738 1752 1739 1606 1723 1731 1739 1744 1855 1749 1762 1736 1767 1743 1579 341 341 1174 908 342 85 947 907 0 1006 924 420 342 1515 1501 134 103
2045 2083 2074 2038 1748 2056 2044 2058 2060 2046 2031 2064 2076 2073 2127 2063 2059 2138 1725 2066 2063 2197 1718 2185 2386 2133 2405 2277 2474 2402 2286 2793 2533 2380 2036 2120 1917 2098 1761 2251 2130 1933 1896 1810 966 1151 1044 1071 1145 1097 1101 1099 1285 1564 1747 1728 736 1735 1738 1742 1741 1747 756 1351 1741 1745 1748 1852 1744 1774 1771 1754 1738 748 984 984 770 660 983 1007 508 656 1006 0 462 1101 985 1498 1515 1013 1007
1973 2003 1994 1956 1723 1980 1973 1978 1990 1949 1972 1990 2005 2007 2039 1790 1957 2047 1371 2002 1993 1916 1712 1905 2330 2069 2336 2216 2412 2123 2006 2513 2260 2100 2009 2102 1914 2099 1754 2144 2039 1841 1803 1715 1176 1355 1230 1250 1341 1019 1020 1018 1212 1499 1663 1647 958 1643 1653 1654 1651 1658 959 901 1654 1659 1656 1757 1649 1662 1663 1662 1643 956 902 902 986 819 901 916 713 812 924 462 0 1023 902 1487 1487 940 927
2164 2172 2178 2156 2095 2170 2166 2148 2158 2170 2144 2183 2173 2189 2194 2090 2181 2205 1910 2166 2160 2125 2079 2114 2524 2231 2508 2380 2605 2324 2202 2744 2459 2314 2390 2476 2272 2456 2118 2290 2166 1963 1938 1844 1865 2047 1934 1961 2033 528 528 527 735 1049 1768 1744 1693 1769 1762 1764 1775 1766 1698 1807 1758 1762 1769 1885 1773 1796 1778 1791 1769 1671 501 501 1290 1013 502 384 1051 1012 420 1101 1023 0 502 1548 1529 446 430
2089 2109 2102 2077 2017 2113 2080 2084 2085 2092 2067 2108 2105 2116 2157 2039 2108 2153 1818 2103 2091 2058 2000 2045 2461 2170 2442 2320 2540 2261 2136 2680 2407 2241 2317 2391 2199 2385 2038 2233 2111 1904 1879 1786 1751 1936 1837 1847 1921 468 470 469 672 979 1712 1698 1591 1711 1708 1707 1719 1710 1590 1720 1702 1708 1715 1829 1721 1728 1712 1734 1712 1557 1 1 1167 899 2 318 925 898 342 985 902 502 0 1526 1509 370 372
2355 2367 2368 2383 2263 2353 2348 2397 2346 2363 2340 2420 2371 2365 2385 2315 2408 2393 2204 2357 2341 2398 2288 2388 2701 2421 2693 2572 2779 2586 2481 2963 2736 2573 2600 2663 2482 2650 2322 2624 2533 2337 2284 2210 2151 2317 2222 2236 2310 1594 1599 1599 1764 2034 2140 2131 1994 2125 2129 2135 2134 2135 1987 2175 2130 2136 2137 2401 2157 2153 2144 2160 2143 1960 1526 1526 1712 1516 1527 1516 1488 1514 1515 1498 1487 1548 1526 0 819 1518 1506
2382 2375 2378 2394 2254 2376 2342 2399 2353 2335 2347 2426 2374 2395 2410 2331 2401 2416 2181 2382 2350 2396 2280 2386 2729 2445 2718 2592 2799 2585 2477 2974 2728 2578 2596 2652 2476 2638 2315 2650 2545 2350 2304 2229 2179 2336 2243 2256 2331 1589 1594 1590 1764 2048 2154 2140 2011 2143 2146 2150 2153 2151 2009 2167 2144 2150 2154 2420 2176 2177 2178 2179 2160 1983 1509 1509 1703 1516 1510 1487 1515 1508 1501 1515 1487 1529 1509 819 0 1514 1502
2119 2138 2140 2106 2033 2145 2114 2108 2121 2143 2099 2142 2138 2139 2172 2073 2147 2172 1823 2139 2121 2075 2019 2067 2496 2206 2478 2356 2572 2287 2152 2694 2428 2269 2328 2412 2213 2399 2058 2264 2161 1947 1920 1830 1784 1969 1871 1878 1954 173 173 173 381 703 1756 1729 1616 1753 1746 1748 1764 1750 1613 1736 1742 1748 1754 1869 1761 1771 1750 1779 1755 1589 369 369 1188 928 370 159 953 927 134 1013 940 446 370 1518 1514 0 75
2095 2114 2117 2086 2018 2123 2095 2088 2095 2129 2072 2124 2115 2128 2154 2052 2129 2154 1808 2111 2101 2056 2002 2044 2470 2178 2448 2328 2545 2263 2129 2673 2407 2246 2313 2399 2196 2382 2041 2247 2137 1925 1899 1809 1773 1959 1860 1873 1947 98 98 98 311 636 1735 1708 1608 1732 1726 1728 1743 1729 1605 1721 1721 1729 1734 1848 1740 1753 1732 1758 1734 1580 371 371 1172 917 372 148 942 916 103 1007 927 430 372 1506 1502 75 0
