0 366 1219 889 264 476 506 364 1409 1597 239 355 1415 488 1336 536 608 581 1419 434 371 699 1309 686 519 545 451 450 479 772 715 746 741 728 1364 1365 1349 1388 1398 1493 1380 1419 1413 1454 2135 2046 2125 2076 2074 2172 2156 2126 2132 2198 1390 1095 1370 1395 2026 1382 1369 1390 2062 1367 1385 2040 1395 1368 1362 1348 1344 1477 1361 2036 2167 2225 2110 2043 2042 1998 2108 2068 2132 2132 2109 1996 2109 2387 2371 2134 2116
366 0 1106 778 408 307 418 219 1367 1588 139 116 1382 367 1310 419 462 402 1394 238 186 600 1280 590 325 349 256 254 286 679 617 650 654 632 1336 1339 1318 1362 1368 1408 1292 1329 1324 1365 2127 2041 2122 2069 2070 2157 2142 2112 2119 2186 1311 1020 1281 1315 2022 1305 1276 1311 2062 1276 1310 2029 1314 1282 1407 1395 1385 1391 1273 2032 2166 2221 2101 2035 2034 1992 2100 2064 2124 2123 2101 1999 2101 2351 2355 2129 2103
1219 1106 0 983 1260 1188 1153 1124 1268 1533 725 1103 1440 1144 1178 1186 1208 1214 1261 1148 1099 899 1417 886 1224 1252 1166 1163 1194 970 913 943 951 917 1470 1472 1458 1503 1501 2180 2082 2119 2116 2153 2200 2112 2185 2144 2142 2186 2163 2131 2138 2205 2062 1775 2056 2068 2095 2062 2052 2061 2141 2049 2064 2102 2065 2084 2135 2086 2091 2314 2063 2103 2177 2308 2127 2124 2131 1876 2126 2131 2127 2123 2127 2110 2127 2452 2440 2136 2122
889 778 983 0 920 879 741 773 1429 1543 427 776 1463 837 1389 889 876 857 1368 792 740 581 1495 569 874 895 810 807 840 653 596 627 631 608 1552 1549 1538 1575 1578 1879 1787 1825 1822 1861 2276 2187 2257 2214 2218 2156 2139 2107 2114 2176 1791 1496 1779 1795 2171 1789 1773 1793 2215 1771 1788 2218 1795 1776 1859 1850 1845 1872 1769 2179 2164 2362 2083 2214 2217 1948 2082 2217 2113 2112 2083 2174 2083 2412 2415 2109 2098
264 408 1260 920 0 521 562 401 1431 1637 272 395 1433 495 1362 547 652 617 1457 479 411 729 1362 718 561 588 497 495 519 805 745 777 779 760 1418 1423 1399 1439 1449 1538 1424 1462 1457 1495 2193 2102 2178 2133 2131 2185 2171 2141 2148 2212 1421 1126 1414 1430 2088 1421 1410 1425 2122 1410 1418 2093 1429 1410 1408 1396 1391 1510 1406 2093 2201 2269 2144 2076 2075 2038 2142 2119 2158 2156 2143 2041 2143 2408 2399 2154 2132
476 307 1188 879 521 0 529 318 1448 1673 209 323 1450 474 1375 524 582 533 1480 383 349 711 1354 694 466 490 401 399 430 784 717 754 757 736 1408 1414 1388 1435 1444 1546 1436 1473 1467 1505 2204 2112 2192 2140 2139 2227 2214 2183 2190 2258 1373 1081 1423 1376 2095 1369 1420 1373 2136 1420 1373 2107 1377 1418 1514 1500 1492 1528 1417 2103 2213 2288 2160 2107 2106 2057 2159 2132 2190 2198 2160 2073 2160 2447 2436 2196 2174
506 418 1153 741 562 529 0 408 1381 1589 230 400 1397 478 1327 534 529 547 1415 432 359 671 1328 655 515 542 450 448 478 743 682 713 717 696 1382 1387 1367 1406 1414 1565 1460 1495 1494 1532 2138 2048 2127 2079 2077 2160 2139 2110 2116 2183 1470 1178 1452 1475 2026 1468 1448 1467 2062 1448 1468 2038 1472 1445 1549 1538 1531 1548 1441 2040 2163 2210 2086 2037 2036 1998 2085 2058 2100 2105 2086 2000 2086 2367 2359 2113 2100
364 219 1124 773 401 318 408 0 1376 1604 115 214 1391 346 1304 409 473 421 1414 268 211 589 1307 575 353 379 286 284 312 665 604 634 638 617 1363 1360 1344 1388 1396 1424 1310 1347 1340 1386 2146 2055 2132 2086 2084 2167 2151 2124 2129 2195 1320 1024 1297 1323 2038 1316 1294 1318 2079 1291 1319 2047 1322 1292 1408 1397 1390 1406 1291 2046 2167 2228 2109 2052 2050 1995 2108 2077 2132 2137 2109 2016 2109 2387 2369 2133 2113
1409 1367 1268 1429 1431 1448 1381 1376 0 1573 945 1365 1260 1399 805 1423 1412 1436 1357 1383 1373 1449 1300 1438 1455 1483 1400 1396 1425 1514 1457 1492 1487 1470 1353 1349 1339 1379 1385 2257 2164 2195 2188 2234 2109 2026 2098 2059 2054 2185 2167 2137 2145 2212 2162 1883 2153 2161 2039 2162 2149 2162 2050 2147 2161 1995 2166 2146 2180 2176 2175 2212 2147 2017 2167 2176 2092 2058 2058 1952 2090 2045 2120 2119 2091 2007 2091 2334 2362 2143 2129
1597 1588 1533 1543 1637 1673 1589 1604 1573 0 1144 1585 1539 1609 1578 1646 1631 1647 977 1607 1576 1526 1280 1515 1678 1704 1623 1615 1649 1585 1541 1572 1571 1552 1331 1333 1327 1362 1368 2434 2334 2374 2362 2408 2159 2075 2147 2104 2105 2105 2079 2048 2050 2128 2315 2024 2317 2324 2055 2313 2316 2314 2095 2311 2318 2121 2322 2341 2389 2357 2352 2564 2318 2065 2124 1928 2043 2033 2034 1718 2044 2073 2033 2037 2042 2044 2043 2420 2403 2059 2039
239 139 725 427 272 209 230 115 945 1144 0 125 982 258 849 286 332 289 996 182 142 260 923 267 251 253 199 195 219 334 280 303 311 297 969 957 955 980 965 1202 1143 1164 1165 1195 1656 1599 1639 1613 1612 1631 1612 1607 1614 1662 1154 915 1128 1155 1610 1154 1125 1157 1618 1127 1155 1605 1159 1128 1166 1165 1159 1164 1128 1591 1652 1767 1617 1615 1615 1565 1616 1636 1613 1615 1617 1595 1617 1804 1793 1614 1599
355 116 1103 776 395 323 400 214 1365 1585 125 0 1397 351 1300 409 440 387 1401 253 138 583 1291 573 340 364 271 269 301 659 600 631 637 613 1347 1351 1329 1372 1379 1404 1293 1332 1323 1366 2139 2052 2133 2080 2081 2167 2155 2124 2131 2198 1317 1022 1282 1320 2031 1311 1277 1317 2071 1277 1314 2036 1320 1273 1411 1400 1393 1380 1274 2043 2173 2231 2105 2035 2034 2002 2104 2074 2134 2137 2105 2009 2105 2364 2357 2139 2115
1415 1382 1440 1463 1433 1450 1397 1391 1260 1539 982 1397 0 1415 1306 1450 1461 1449 1257 1399 1384 1471 1121 1459 1470 1499 1413 1413 1440 1534 1481 1516 1516 1488 1170 1179 1158 1203 1204 2264 2173 2207 2207 2251 1990 1898 1972 1925 1931 2147 2127 2094 2104 2177 2162 1871 2170 2169 1876 2160 2165 2161 1919 2163 2164 1932 2171 2168 2197 2189 2185 2282 2159 1888 2152 2155 2073 1978 1979 1814 2071 1930 2096 2089 2072 1941 2072 2349 2359 2106 2089
488 367 1144 837 495 474 478 346 1399 1609 258 351 1415 0 1340 223 374 391 1410 414 362 718 1335 706 497 524 432 430 460 794 733 764 770 748 1391 1394 1373 1415 1420 1501 1390 1427 1420 1464 2141 2052 2131 2080 2081 2183 2170 2137 2146 2215 1397 1105 1378 1402 2036 1395 1374 1395 2072 1372 1393 2057 1399 1371 1438 1427 1422 1478 1371 2043 2190 2231 2118 2046 2047 2010 2117 2074 2133 2136 2118 2008 2118 2395 2365 2141 2130
1336 1310 1178 1389 1362 1375 1327 1304 805 1578 849 1300 1306 1340 0 1356 1385 1392 1305 1341 1293 1374 1270 1369 1420 1442 1358 1357 1384 1453 1391 1424 1425 1399 1326 1330 1318 1356 1360 2315 2213 2250 2246 2285 2126 2042 2117 2076 2075 2190 2174 2141 2148 2220 2190 1898 2187 2198 2033 2190 2183 2187 2073 2180 2194 1992 2195 2216 2254 2210 2212 2443 2197 2032 2181 2250 2111 2036 2040 1960 2109 2058 2122 2120 2110 2038 2110 2411 2418 2150 2132
536 419 1186 889 547 524 534 409 1423 1646 286 409 1450 223 1356 0 397 409 1440 467 424 765 1377 753 547 577 485 483 513 839 780 809 817 795 1433 1433 1412 1457 1462 1547 1439 1476 1471 1510 2178 2087 2165 2116 2114 2198 2183 2155 2161 2231 1442 1147 1427 1445 2070 1440 1423 1440 2111 1422 1441 2089 1443 1427 1472 1460 1453 1549 1420 2078 2209 2255 2127 2082 2081 2034 2126 2107 2150 2151 2127 2041 2127 2413 2371 2156 2145
608 462 1208 876 652 582 529 473 1412 1631 332 440 1461 374 1385 397 0 335 1454 472 464 798 1403 785 557 580 490 488 517 871 811 844 847 826 1460 1461 1440 1479 1490 1505 1394 1433 1428 1470 2199 2113 2191 2139 2142 2198 2187 2156 2163 2235 1442 1145 1387 1445 2091 1436 1382 1442 2133 1377 1438 2111 1445 1364 1569 1554 1548 1486 1375 2104 2196 2272 2151 2104 2103 2051 2150 2133 2141 2146 2151 2077 2151 2401 2386 2161 2147
581 402 1214 857 617 533 547 421 1436 1647 289 387 1449 391 1392 409 335 0 1450 431 431 776 1410 761 514 542 449 447 479 846 788 818 825 802 1465 1469 1446 1489 1490 1460 1351 1390 1385 1430 2205 2116 2194 2142 2145 2208 2195 2166 2172 2236 1397 1099 1328 1400 2099 1395 1323 1393 2139 1320 1394 2114 1399 1329 1551 1518 1511 1463 1332 2107 2206 2289 2155 2094 2093 2050 2154 2139 2171 2171 2155 2080 2155 2425 2402 2174 2156
1419 1394 1261 1368 1457 1480 1415 1414 1357 977 996 1401 1257 1410 1305 1440 1454 1450 0 1434 1395 1349 1037 1331 1505 1530 1448 1449 1478 1406 1356 1387 1389 1364 1092 1083 1080 1121 1123 2254 2154 2195 2187 2222 1804 1708 1781 1735 1738 1876 1848 1813 1824 1903 2138 1855 2149 2150 1677 2139 2146 2136 1720 2140 2143 1779 2143 2145 2175 2169 2160 2267 2139 1696 1909 1895 1817 1671 1672 1371 1816 1724 1800 1805 1817 1643 1817 2176 2203 1823 1808
434 238 1148 792 479 383 432 268 1383 1607 182 253 1399 414 1341 467 472 431 1434 0 296 655 1313 643 89 113 19 16 48 729 670 703 706 685 1370 1372 1350 1394 1403 1379 1262 1296 1296 1337 2132 2042 2124 2072 2072 2164 2151 2120 2127 2193 1281 992 1248 1286 2024 1275 1245 1281 2066 1246 1279 2042 1285 1242 1448 1433 1428 1351 1243 2034 2167 2224 2105 2045 2044 2003 2104 2065 2131 2133 2105 2013 2105 2382 2357 2139 2111
371 186 1099 740 411 349 359 211 1373 1576 142 138 1384 362 1293 424 464 431 1395 296 0 583 1284 573 381 407 314 312 342 658 602 632 637 613 1340 1344 1323 1365 1373 1456 1341 1380 1373 1415 2128 2039 2116 2067 2068 2158 2146 2115 2122 2188 1351 1057 1332 1354 2018 1347 1327 1351 2059 1328 1350 2021 1355 1323 1428 1419 1411 1429 1322 2030 2166 2222 2096 2033 2032 1993 2095 2063 2121 2126 2096 2007 2096 2352 2345 2126 2106
699 600 899 581 729 711 671 589 1449 1526 260 583 1471 718 1374 765 798 776 1349 655 583 0 1480 73 737 757 673 670 703 163 102 134 141 115 1533 1534 1518 1557 1565 1796 1695 1730 1725 1768 2270 2181 2253 2213 2210 2124 2104 2070 2077 2146 1710 1413 1690 1713 2165 1706 1686 1707 2199 1683 1707 2202 1713 1680 1745 1735 1729 1778 1676 2173 2131 2355 2065 2177 2180 1922 2064 2201 2079 2083 2064 2143 2065 2400 2402 2080 2061
1309 1280 1417 1495 1362 1354 1328 1307 1300 1280 923 1291 1121 1335 1270 1377 1403 1410 1037 1313 1284 1480 0 1462 1383 1412 1329 1328 1356 1539 1488 1518 1519 1497 63 73 51 90 103 2238 2129 2172 2164 2197 1784 1695 1770 1725 1725 2068 2047 2016 2022 2098 2096 1803 2113 2101 1665 2093 2109 2092 1718 2102 2100 1661 2099 2133 2156 2116 2115 2300 2115 1683 2085 1727 2009 1691 1694 1718 2007 1720 2017 2020 2007 1623 2008 2281 2291 2026 2009
686 590 886 569 718 694 655 575 1438 1515 267 573 1459 706 1369 753 785 761 1331 643 573 73 1462 0 725 745 661 658 691 90 29 61 68 42 1515 1516 1500 1539 1547 1784 1684 1719 1714 1755 2258 2170 2243 2202 2198 2112 2092 2058 2065 2134 1694 1397 1680 1698 2154 1690 1676 1691 2186 1673 1692 2191 1697 1669 1736 1725 1719 1769 1665 2162 2120 2340 2052 2165 2168 1911 2051 2189 2067 2073 2051 2130 2052 2390 2392 2072 2049
519 325 1224 874 561 466 515 353 1455 1678 251 340 1470 497 1420 547 557 514 1505 89 381 737 1383 725 0 202 108 105 137 810 752 785 788 767 1440 1442 1420 1462 1473 1450 1333 1367 1367 1409 2195 2107 2189 2137 2136 2225 2212 2181 2186 2254 1350 1052 1319 1355 2090 1344 1316 1350 2131 1317 1348 2107 1354 1313 1515 1500 1495 1422 1314 2099 2225 2280 2165 2107 2106 2066 2164 2128 2192 2194 2165 2071 2165 2439 2416 2200 2172
545 349 1252 895 588 490 542 379 1483 1704 253 364 1499 524 1442 577 580 542 1530 113 407 757 1412 745 202 0 132 129 161 831 770 805 808 787 1468 1471 1447 1493 1502 1478 1365 1399 1398 1440 2217 2127 2209 2157 2157 2260 2247 2216 2223 2291 1383 1094 1351 1388 2110 1377 1348 1383 2152 1349 1381 2135 1388 1345 1546 1533 1528 1453 1346 2119 2264 2316 2199 2141 2140 2094 2198 2151 2229 2231 2199 2106 2199 2474 2447 2236 2207
451 256 1166 810 497 401 450 286 1400 1623 199 271 1413 432 1358 485 490 449 1448 19 314 673 1329 661 108 132 0 35 67 747 688 721 724 703 1386 1388 1366 1410 1419 1397 1280 1314 1314 1355 2148 2058 2140 2088 2088 2180 2167 2136 2143 2210 1299 1010 1266 1304 2040 1293 1263 1299 2082 1264 1297 2058 1303 1260 1466 1451 1446 1368 1261 2050 2182 2240 2121 2059 2058 2019 2120 2081 2147 2149 2121 2029 2121 2398 2372 2155 2127
450 254 1163 807 495 399 448 284 1396 1615 195 269 1413 430 1357 483 488 447 1449 16 312 670 1328 658 105 129 35 0 64 744 685 718 721 700 1385 1387 1365 1409 1418 1395 1278 1312 1312 1353 2146 2057 2139 2087 2087 2179 2166 2135 2142 2208 1296 1007 1264 1301 2039 1290 1261 1296 2081 1262 1295 2057 1300 1258 1464 1449 1444 1367 1259 2049 2182 2233 2120 2061 2060 2018 2119 2080 2146 2148 2120 2028 2120 2397 2372 2154 2126
479 286 1194 840 519 430 478 312 1425 1649 219 301 1440 460 1384 513 517 479 1478 48 342 703 1356 691 137 161 67 64 0 777 718 751 754 733 1411 1415 1392 1437 1446 1419 1302 1336 1333 1376 2169 2077 2161 2109 2109 2200 2187 2156 2163 2227 1321 1032 1288 1326 2061 1315 1285 1321 2103 1286 1319 2077 1323 1282 1488 1473 1468 1391 1283 2071 2200 2261 2141 2081 2080 2040 2140 2102 2167 2169 2141 2049 2141 2418 2392 2175 2147
772 679 970 653 805 784 743 665 1514 1585 334 659 1534 794 1453 839 871 846 1406 729 658 163 1539 90 810 831 747 744 777 0 119 151 157 132 1592 1593 1577 1614 1623 1848 1749 1784 1777 1819 2312 2225 2297 2257 2251 2170 2150 2116 2123 2189 1759 1454 1745 1763 2210 1754 1741 1756 2240 1738 1757 2247 1762 1733 1801 1790 1784 1833 1730 2217 2179 2395 2109 2219 2222 1959 2108 2242 2126 2131 2108 2187 2109 2440 2443 2130 2107
715 617 913 596 745 717 682 604 1457 1541 280 600 1481 733 1391 780 811 788 1356 670 602 102 1488 29 752 770 688 685 718 119 0 90 97 71 1541 1542 1526 1565 1573 1812 1712 1747 1742 1783 2283 2195 2268 2227 2223 2134 2114 2080 2087 2156 1722 1423 1708 1726 2179 1718 1704 1719 2211 1701 1720 2216 1725 1697 1759 1748 1742 1797 1693 2187 2142 2365 2075 2189 2192 1936 2074 2214 2090 2096 2074 2155 2075 2413 2412 2095 2071
746 650 943 627 777 754 713 634 1492 1572 303 631 1516 764 1424 809 844 818 1387 703 632 134 1518 61 785 805 721 718 751 151 90 0 129 101 1571 1572 1556 1592 1603 1843 1741 1778 1773 1814 2313 2225 2298 2257 2253 2166 2146 2112 2119 2188 1752 1454 1739 1756 2209 1748 1735 1749 2241 1732 1751 2242 1754 1729 1793 1784 1776 1827 1724 2217 2175 2394 2106 2219 2222 1964 2105 2244 2121 2127 2105 2184 2106 2440 2447 2126 2103
741 654 951 631 779 757 717 638 1487 1571 311 637 1516 770 1425 817 847 825 1389 706 637 141 1519 68 788 808 724 721 754 157 97 129 0 110 1572 1572 1557 1596 1603 1838 1738 1773 1768 1809 2308 2220 2292 2249 2248 2168 2150 2116 2123 2192 1748 1451 1734 1752 2204 1742 1730 1745 2234 1727 1746 2238 1751 1723 1790 1779 1773 1823 1719 2212 2175 2391 2108 2211 2214 1964 2107 2239 2125 2131 2107 2179 2108 2437 2436 2130 2107
728 632 917 608 760 736 696 617 1470 1552 297 613 1488 748 1399 795 826 802 1364 685 613 115 1497 42 767 787 703 700 733 132 71 101 110 0 1550 1551 1535 1574 1582 1826 1726 1761 1756 1797 2286 2198 2271 2230 2226 2149 2129 2095 2102 2171 1736 1439 1722 1740 2182 1732 1718 1733 2214 1715 1734 2220 1739 1711 1776 1767 1761 1811 1707 2190 2159 2372 2091 2197 2200 1944 2090 2217 2106 2110 2090 2161 2091 2427 2428 2109 2086
1364 1336 1470 1552 1418 1408 1382 1363 1353 1331 969 1347 1170 1391 1326 1433 1460 1465 1092 1370 1340 1533 63 1515 1440 1468 1386 1385 1411 1592 1541 1571 1572 1550 0 136 112 153 165 2290 2181 2224 2216 2249 1834 1744 1820 1775 1775 2118 2097 2066 2072 2146 2147 1854 2165 2152 1715 2144 2161 2143 1768 2154 2151 1712 2150 2185 2206 2166 2165 2352 2167 1733 2137 1777 2058 1741 1744 1768 2056 1770 2066 2069 2056 1675 2057 2331 2339 2076 2059
1365 1339 1472 1549 1423 1414 1387 1360 1349 1333 957 1351 1179 1394 1330 1433 1461 1469 1083 1372 1344 1534 73 1516 1442 1471 1388 1387 1415 1593 1542 1572 1572 1551 136 0 124 163 173 2286 2177 2220 2212 2245 1827 1738 1811 1769 1768 2113 2088 2059 2066 2142 2144 1849 2159 2149 1710 2141 2155 2140 1761 2148 2148 1712 2147 2181 2203 2163 2162 2347 2163 1726 2127 1769 2048 1736 1740 1756 2046 1765 2059 2064 2046 1667 2047 2323 2333 2068 2053
1349 1318 1458 1538 1399 1388 1367 1344 1339 1327 955 1329 1158 1373 1318 1412 1440 1446 1080 1350 1323 1518 51 1500 1420 1447 1366 1365 1392 1577 1526 1556 1557 1535 112 124 0 141 152 2267 2158 2201 2192 2225 1820 1731 1804 1761 1761 2102 2081 2050 2056 2131 2125 1832 2142 2130 1702 2122 2138 2121 1755 2130 2129 1697 2128 2162 2189 2149 2148 2330 2144 1719 2115 1763 2042 1729 1732 1755 2040 1757 2051 2054 2040 1659 2041 2309 2320 2060 2043
1388 1362 1503 1575 1439 1435 1406 1388 1379 1362 980 1372 1203 1415 1356 1457 1479 1489 1121 1394 1365 1557 90 1539 1462 1493 1410 1409 1437 1614 1565 1592 1596 1574 153 163 141 0 191 2281 2172 2215 2205 2238 1831 1741 1815 1772 1772 2115 2095 2062 2070 2146 2137 1841 2155 2142 1711 2134 2151 2133 1765 2144 2141 1701 2139 2176 2200 2159 2158 2341 2158 1730 2137 1783 2058 1745 1748 1769 2056 1773 2067 2068 2056 1677 2057 2334 2340 2074 2057
1398 1368 1501 1578 1449 1444 1414 1396 1385 1368 965 1379 1204 1420 1360 1462 1490 1490 1123 1403 1373 1565 103 1547 1473 1502 1419 1418 1446 1623 1573 1603 1603 1582 165 173 152 191 0 2306 2199 2242 2232 2267 1865 1776 1851 1805 1806 2141 2116 2086 2092 2168 2164 1868 2183 2170 1745 2162 2179 2160 1798 2172 2169 1739 2167 2203 2227 2187 2186 2369 2185 1764 2155 1809 2082 1768 1771 1793 2081 1800 2087 2090 2080 1706 2081 2353 2360 2096 2079
1493 1408 2180 1879 1538 1546 1565 1424 2257 2434 1202 1404 2264 1501 2315 1547 1505 1460 2254 1379 1456 1796 2238 1784 1450 1478 1397 1395 1419 1848 1812 1843 1838 1826 2290 2286 2267 2281 2306 0 179 230 223 263 1343 1246 1319 1262 1264 1872 1855 1817 1832 1912 257 237 183 257 1206 253 177 255 1275 178 254 1214 261 201 497 476 478 356 160 1228 1849 1988 1791 1757 1757 1749 1791 1823 1826 1824 1790 1763 1790 2240 2232 1838 1816
1380 1292 2082 1787 1424 1436 1460 1310 2164 2334 1143 1293 2173 1390 2213 1439 1394 1351 2154 1262 1341 1695 2129 1684 1333 1365 1280 1278 1302 1749 1712 1741 1738 1726 2181 2177 2158 2172 2199 179 0 91 82 127 1223 1126 1202 1145 1146 1778 1760 1726 1737 1817 124 122 46 124 1082 120 40 121 1151 40 121 1091 126 60 359 341 340 221 19 1108 1754 1890 1699 1659 1659 1650 1699 1724 1733 1729 1698 1668 1698 2147 2135 1742 1721
1419 1329 2119 1825 1462 1473 1495 1347 2195 2374 1164 1332 2207 1427 2250 1476 1433 1390 2195 1296 1380 1730 2172 1719 1367 1399 1314 1312 1336 1784 1747 1778 1773 1761 2224 2220 2201 2215 2242 230 91 0 135 180 1270 1176 1252 1195 1194 1819 1803 1769 1780 1860 176 162 99 176 1135 172 93 174 1201 93 173 1145 178 113 410 392 391 274 72 1158 1797 1934 1741 1703 1703 1690 1741 1762 1777 1772 1740 1711 1740 2189 2175 1786 1764
1413 1324 2116 1822 1457 1467 1494 1340 2188 2362 1165 1323 2207 1420 2246 1471 1428 1385 2187 1296 1373 1725 2164 1714 1367 1398 1314 1312 1333 1777 1742 1773 1768 1756 2216 2212 2192 2205 2232 223 82 135 0 170 1260 1163 1239 1182 1183 1816 1800 1766 1777 1857 168 166 87 168 1123 164 81 166 1191 81 165 1134 170 104 399 381 380 264 63 1145 1794 1931 1739 1702 1702 1692 1739 1764 1773 1769 1738 1711 1738 2185 2173 1782 1761
1454 1365 2153 1861 1495 1505 1532 1386 2234 2408 1195 1366 2251 1464 2285 1510 1470 1430 2222 1337 1415 1768 2197 1755 1409 1440 1355 1353 1376 1819 1783 1814 1809 1797 2249 2245 2225 2238 2267 263 127 180 170 0 1296 1201 1277 1220 1221 1856 1838 1804 1815 1893 201 199 128 201 1160 197 122 199 1229 122 198 1165 203 148 442 418 417 299 108 1183 1832 1974 1779 1737 1738 1732 1779 1801 1811 1809 1778 1749 1778 2213 2207 1820 1799
2135 2127 2200 2276 2193 2204 2138 2146 2109 2159 1656 2139 1990 2141 2126 2178 2199 2205 1804 2132 2128 2270 1784 2258 2195 2217 2148 2146 2169 2312 2283 2313 2308 2286 1834 1827 1820 1831 1865 1343 1223 1270 1260 1296 0 148 236 175 173 1710 1683 1652 1659 1745 1211 1183 1214 1221 194 1210 1212 1209 238 1212 1217 639 1214 1215 1254 1248 1249 1318 1207 130 1733 1448 1628 1328 1332 1049 1630 829 1652 1644 1629 1198 1629 2051 2035 1654 1645
2046 2041 2112 2187 2102 2112 2048 2055 2026 2075 1599 2052 1898 2052 2042 2087 2113 2116 1708 2042 2039 2181 1695 2170 2107 2127 2058 2057 2077 2225 2195 2225 2220 2198 1744 1738 1731 1741 1776 1246 1126 1176 1163 1201 148 0 124 63 62 1630 1604 1572 1582 1667 1113 1098 1117 1123 81 1112 1115 1111 128 1115 1118 534 1116 1118 1153 1147 1150 1222 1110 18 1655 1366 1541 1238 1242 963 1543 734 1575 1564 1542 1109 1542 1972 1951 1575 1566
2125 2122 2185 2257 2178 2192 2127 2132 2098 2147 1639 2133 1972 2131 2117 2165 2191 2194 1781 2124 2116 2253 1770 2243 2189 2209 2140 2139 2161 2297 2268 2298 2292 2271 1820 1811 1804 1815 1851 1319 1202 1252 1239 1277 236 124 0 150 150 1705 1678 1647 1657 1741 1189 1174 1193 1199 169 1188 1191 1187 215 1190 1194 614 1192 1193 1227 1222 1225 1298 1186 106 1728 1446 1615 1321 1325 1039 1617 821 1651 1640 1616 1188 1616 2037 2016 1651 1641
2076 2069 2144 2214 2133 2140 2079 2086 2059 2104 1613 2080 1925 2080 2076 2116 2139 2142 1735 2072 2067 2213 1725 2202 2137 2157 2088 2087 2109 2257 2227 2257 2249 2230 1775 1769 1761 1772 1805 1262 1145 1195 1182 1220 175 63 150 0 89 1645 1623 1591 1601 1686 1133 1118 1137 1143 109 1132 1135 1130 155 1135 1138 559 1136 1138 1175 1168 1172 1241 1129 45 1674 1392 1560 1264 1268 984 1562 761 1594 1583 1561 1135 1561 1993 1974 1594 1585
2074 2070 2142 2218 2131 2139 2077 2084 2054 2105 1612 2081 1931 2081 2075 2114 2142 2145 1738 2072 2068 2210 1725 2198 2136 2157 2088 2087 2109 2251 2223 2253 2248 2226 1775 1768 1761 1772 1806 1264 1146 1194 1183 1221 173 62 150 89 0 1652 1626 1594 1604 1689 1131 1116 1137 1141 108 1130 1135 1129 154 1135 1136 560 1134 1138 1173 1167 1170 1241 1130 44 1677 1389 1564 1260 1264 989 1566 760 1597 1585 1565 1133 1565 1995 1974 1597 1588
2172 2157 2186 2156 2185 2227 2160 2167 2185 2105 1631 2167 2147 2183 2190 2198 2198 2208 1876 2164 2158 2124 2068 2112 2225 2260 2180 2179 2200 2170 2134 2166 2168 2149 2118 2113 2102 2115 2141 1872 1778 1819 1816 1856 1710 1630 1705 1645 1652 0 132 117 104 203 1754 1441 1774 1764 1589 1756 1770 1754 1634 1763 1759 1636 1760 1771 1789 1783 1786 1879 1764 1612 515 1245 459 994 996 1001 459 1083 236 191 458 1020 458 1575 1579 164 89
2156 2142 2163 2139 2171 2214 2139 2151 2167 2079 1612 2155 2127 2170 2174 2183 2187 2195 1848 2151 2146 2104 2047 2092 2212 2247 2167 2166 2187 2150 2114 2146 2150 2129 2097 2088 2081 2095 2116 1855 1760 1803 1800 1838 1683 1604 1678 1623 1626 132 0 73 61 159 1738 1434 1756 1748 1565 1740 1752 1738 1610 1745 1743 1609 1743 1753 1766 1763 1767 1861 1746 1586 475 1211 417 956 957 967 417 1046 193 148 416 981 416 1543 1545 118 45
2126 2112 2131 2107 2141 2183 2110 2124 2137 2048 1607 2124 2094 2137 2141 2155 2156 2166 1813 2120 2115 2070 2016 2058 2181 2216 2136 2135 2156 2116 2080 2112 2116 2095 2066 2059 2050 2062 2086 1817 1726 1769 1766 1804 1652 1572 1647 1591 1594 117 73 0 44 142 1704 1396 1722 1714 1531 1706 1718 1704 1575 1711 1709 1579 1709 1718 1733 1728 1730 1827 1712 1554 458 1195 400 940 941 939 400 1028 176 131 399 965 399 1520 1522 103 28
2132 2119 2138 2114 2148 2190 2116 2129 2145 2050 1614 2131 2104 2146 2148 2161 2163 2172 1824 2127 2122 2077 2022 2065 2186 2223 2143 2142 2163 2123 2087 2119 2123 2102 2072 2066 2056 2070 2092 1832 1737 1780 1777 1815 1659 1582 1657 1601 1604 104 61 44 0 130 1715 1410 1733 1725 1541 1717 1729 1715 1586 1722 1720 1588 1720 1730 1744 1739 1743 1838 1723 1564 446 1183 388 932 933 943 388 1023 164 119 387 958 387 1518 1522 91 16
2198 2186 2205 2176 2212 2258 2183 2195 2212 2128 1662 2198 2177 2215 2220 2231 2235 2236 1903 2193 2188 2146 2098 2134 2254 2291 2210 2208 2227 2189 2156 2188 2192 2171 2146 2142 2131 2146 2168 1912 1817 1860 1857 1893 1745 1667 1741 1686 1689 203 159 142 130 0 1796 1492 1813 1806 1626 1798 1809 1796 1671 1801 1801 1674 1801 1810 1826 1820 1824 1918 1803 1649 537 1271 483 1019 1021 1028 483 1108 260 216 482 1043 482 1600 1605 189 114
1390 1311 2062 1791 1421 1373 1470 1320 2162 2315 1154 1317 2162 1397 2190 1442 1442 1397 2138 1281 1351 1710 2096 1694 1350 1383 1299 1296 1321 1759 1722 1752 1748 1736 2147 2144 2125 2137 2164 257 124 176 168 201 1211 1113 1189 1133 1131 1754 1738 1704 1715 1796 0 19 117 20 1080 16 113 10 1150 113 18 1077 16 131 362 342 344 246 106 1095 1732 1875 1680 1656 1656 1649 1680 1712 1707 1708 1679 1648 1679 2120 2111 1719 1699
1095 1020 1775 1496 1126 1081 1178 1024 1883 2024 915 1022 1871 1105 1898 1147 1145 1099 1855 992 1057 1413 1803 1397 1052 1094 1010 1007 1032 1454 1423 1454 1451 1439 1854 1849 1832 1841 1868 237 122 162 166 199 1183 1098 1174 1118 1116 1441 1434 1396 1410 1492 19 0 111 12 1072 17 108 19 1108 107 12 1068 23 128 358 339 340 240 104 1080 1431 1569 1377 1347 1347 1487 1376 1412 1406 1405 1376 1341 1376 1823 1808 1414 1395
1370 1281 2056 1779 1414 1423 1452 1297 2153 2317 1128 1282 2170 1378 2187 1427 1387 1328 2149 1248 1332 1690 2113 1680 1319 1351 1266 1264 1288 1745 1708 1739 1734 1722 2165 2159 2142 2155 2183 183 46 99 87 128 1214 1117 1193 1137 1137 1774 1756 1722 1733 1813 117 111 0 117 1075 113 6 115 1145 23 114 1086 119 54 347 329 331 183 27 1099 1747 1887 1693 1651 1651 1645 1693 1712 1729 1725 1692 1659 1692 2127 2111 1738 1717
1395 1315 2068 1795 1430 1376 1475 1323 2161 2324 1155 1320 2169 1402 2198 1445 1445 1400 2150 1286 1354 1713 2101 1698 1355 1388 1304 1301 1326 1763 1726 1756 1752 1740 2152 2149 2130 2142 2170 257 124 176 168 201 1221 1123 1199 1143 1141 1764 1748 1714 1725 1806 20 12 117 0 1085 18 113 20 1155 113 14 1088 24 133 361 341 343 247 106 1105 1742 1882 1690 1662 1662 1650 1690 1720 1717 1718 1689 1656 1689 2129 2115 1729 1709
2026 2022 2095 2171 2088 2095 2026 2038 2039 2055 1610 2031 1876 2036 2033 2070 2091 2099 1677 2024 2018 2165 1665 2154 2090 2110 2040 2039 2061 2210 2179 2209 2204 2182 1715 1710 1702 1711 1745 1206 1082 1135 1123 1160 194 81 169 109 108 1589 1565 1531 1541 1626 1080 1072 1075 1085 0 1079 1072 1078 103 1072 1085 485 1083 1084 1114 1107 1110 1226 1067 64 1617 1315 1508 1181 1185 907 1510 676 1533 1524 1509 1053 1509 1931 1913 1534 1525
1382 1305 2062 1789 1421 1369 1468 1316 2162 2313 1154 1311 2160 1395 2190 1440 1436 1395 2139 1275 1347 1706 2093 1690 1344 1377 1293 1290 1315 1754 1718 1748 1742 1732 2144 2141 2122 2134 2162 253 120 172 164 197 1210 1112 1188 1132 1130 1756 1740 1706 1717 1798 16 17 113 18 1079 0 109 16 1149 109 16 1076 22 129 360 340 342 242 102 1094 1735 1873 1683 1652 1652 1647 1683 1710 1709 1710 1682 1646 1682 2121 2107 1721 1701
1369 1276 2052 1773 1410 1420 1448 1294 2149 2316 1125 1277 2165 1374 2183 1423 1382 1323 2146 1245 1327 1686 2109 1676 1316 1348 1263 1261 1285 1741 1704 1735 1730 1718 2161 2155 2138 2151 2179 177 40 93 81 122 1212 1115 1191 1135 1135 1770 1752 1718 1729 1809 113 108 6 113 1072 109 0 111 1144 17 110 1081 115 48 343 325 327 177 21 1097 1745 1883 1689 1647 1647 1642 1689 1711 1725 1721 1688 1655 1688 2123 2109 1734 1713
1390 1311 2061 1793 1425 1373 1467 1318 2162 2314 1157 1317 2161 1395 2187 1440 1442 1393 2136 1281 1351 1707 2092 1691 1350 1383 1299 1296 1321 1756 1719 1749 1745 1733 2143 2140 2121 2133 2160 255 121 174 166 199 1209 1111 1187 1130 1129 1754 1738 1704 1715 1796 10 19 115 20 1078 16 111 0 1148 111 18 1075 10 129 362 340 344 241 104 1093 1730 1873 1678 1654 1654 1648 1678 1710 1707 1708 1677 1646 1677 2118 2107 1717 1699
2062 2062 2141 2215 2122 2136 2062 2079 2050 2095 1618 2071 1919 2072 2073 2111 2133 2139 1720 2066 2059 2199 1718 2186 2131 2152 2082 2081 2103 2240 2211 2241 2234 2214 1768 1761 1755 1765 1798 1275 1151 1201 1191 1229 238 128 215 155 154 1634 1610 1575 1586 1671 1150 1108 1145 1155 103 1149 1144 1148 0 1141 1155 560 1153 1146 1178 1172 1173 1251 1135 110 1655 1368 1553 1230 1234 942 1555 696 1579 1570 1553 1107 1554 1979 1966 1578 1570
1367 1276 2049 1771 1410 1420 1448 1291 2147 2311 1127 1277 2163 1372 2180 1422 1377 1320 2140 1246 1328 1683 2102 1673 1317 1349 1264 1262 1286 1738 1701 1732 1727 1715 2154 2148 2130 2144 2172 178 40 93 81 122 1212 1115 1190 1135 1135 1763 1745 1711 1722 1801 113 107 23 113 1072 109 17 111 1141 0 110 1081 115 48 348 329 331 177 21 1097 1741 1875 1685 1641 1641 1637 1685 1706 1718 1714 1683 1647 1684 2117 2102 1727 1706
1385 1310 2064 1788 1418 1373 1468 1319 2161 2318 1155 1314 2164 1393 2194 1441 1438 1394 2143 1279 1350 1707 2100 1692 1348 1381 1297 1295 1319 1757 1720 1751 1746 1734 2151 2148 2129 2141 2169 254 121 173 165 198 1217 1118 1194 1138 1136 1759 1743 1709 1720 1801 18 12 114 14 1085 16 110 18 1155 110 0 1082 23 130 358 340 342 246 103 1100 1739 1879 1685 1657 1657 1652 1685 1719 1712 1713 1684 1651 1684 2126 2113 1725 1704
2040 2029 2102 2218 2093 2107 2038 2047 1995 2121 1605 2036 1932 2057 1992 2089 2111 2114 1779 2042 2021 2202 1661 2191 2107 2135 2058 2057 2077 2247 2216 2242 2238 2220 1712 1712 1697 1701 1739 1214 1091 1145 1134 1165 639 534 614 559 560 1636 1609 1579 1588 1674 1077 1068 1086 1088 485 1076 1081 1075 560 1081 1082 0 1081 1093 1121 1109 1108 1227 1076 516 1643 1516 1553 1359 1362 1137 1555 1157 1572 1563 1554 1230 1554 1943 1967 1590 1573
1395 1314 2065 1795 1429 1377 1472 1322 2166 2322 1159 1320 2171 1399 2195 1443 1445 1399 2143 1285 1355 1713 2099 1697 1354 1388 1303 1300 1323 1762 1725 1754 1751 1739 2150 2147 2128 2139 2167 261 126 178 170 203 1214 1116 1192 1136 1134 1760 1743 1709 1720 1801 16 23 119 24 1083 22 115 10 1153 115 23 1081 0 133 365 346 348 247 108 1098 1735 1879 1683 1659 1659 1653 1683 1717 1712 1713 1682 1651 1682 2125 2114 1723 1704
1368 1282 2084 1776 1410 1418 1445 1292 2146 2341 1128 1273 2168 1371 2216 1427 1364 1329 2145 1242 1323 1680 2133 1669 1313 1345 1260 1258 1282 1733 1697 1729 1723 1711 2185 2181 2162 2176 2203 201 60 113 104 148 1215 1118 1193 1138 1138 1771 1753 1718 1730 1810 131 128 54 133 1084 129 48 129 1146 48 130 1093 133 0 370 349 349 198 41 1100 1745 1888 1695 1655 1655 1643 1695 1715 1726 1722 1694 1663 1694 2150 2134 1735 1714
1362 1407 2135 1859 1408 1514 1549 1408 2180 2389 1166 1411 2197 1438 2254 1472 1569 1551 2175 1448 1428 1745 2156 1736 1515 1546 1466 1464 1488 1801 1759 1793 1790 1776 2206 2203 2189 2200 2227 497 359 410 399 442 1254 1153 1227 1175 1173 1789 1766 1733 1744 1826 362 358 347 361 1114 360 343 362 1178 348 358 1121 365 370 0 56 62 585 340 1135 1765 1940 1704 1683 1682 1661 1704 1749 1734 1736 1703 1669 1703 2191 2174 1746 1728
1348 1395 2086 1850 1396 1500 1538 1397 2176 2357 1165 1400 2189 1427 2210 1460 1554 1518 2169 1433 1419 1735 2116 1725 1500 1533 1451 1449 1473 1790 1748 1784 1779 1767 2166 2163 2149 2159 2187 476 341 392 381 418 1248 1147 1222 1168 1167 1783 1763 1728 1739 1820 342 339 329 341 1107 340 325 340 1172 329 340 1109 346 349 56 0 42 465 322 1129 1761 1919 1699 1674 1673 1656 1699 1743 1729 1731 1698 1657 1698 2159 2136 1741 1723
1344 1385 2091 1845 1391 1492 1531 1390 2175 2352 1159 1393 2185 1422 2212 1453 1548 1511 2160 1428 1411 1729 2115 1719 1495 1528 1446 1444 1468 1784 1742 1776 1773 1761 2165 2162 2148 2158 2186 478 340 391 380 417 1249 1150 1225 1172 1170 1786 1767 1730 1743 1824 344 340 331 343 1110 342 327 344 1173 331 342 1108 348 349 62 42 0 467 321 1132 1768 1923 1702 1674 1673 1656 1702 1745 1732 1735 1701 1657 1701 2153 2132 1745 1727
1477 1391 2314 1872 1510 1528 1548 1406 2212 2564 1164 1380 2282 1478 2443 1549 1486 1463 2267 1351 1429 1778 2300 1769 1422 1453 1368 1367 1391 1833 1797 1827 1823 1811 2352 2347 2330 2341 2369 356 221 274 264 299 1318 1222 1298 1241 1241 1879 1861 1827 1838 1918 246 240 183 247 1226 242 177 241 1251 177 246 1227 247 198 585 465 467 0 202 1204 1857 2152 1803 1771 1771 1751 1803 1823 1834 1828 1802 1841 1802 2395 2379 1843 1822
1361 1273 2063 1769 1406 1417 1441 1291 2147 2318 1128 1274 2159 1371 2197 1420 1375 1332 2139 1243 1322 1676 2115 1665 1314 1346 1261 1259 1283 1730 1693 1724 1719 1707 2167 2163 2144 2158 2185 160 19 72 63 108 1207 1110 1186 1129 1130 1764 1746 1712 1723 1803 106 104 27 106 1067 102 21 104 1135 21 103 1076 108 41 340 322 321 202 0 1092 1740 1876 1685 1645 1645 1636 1685 1708 1719 1715 1684 1654 1684 2133 2119 1728 1707
2036 2032 2103 2179 2093 2103 2040 2046 2017 2065 1591 2043 1888 2043 2032 2078 2104 2107 1696 2034 2030 2173 1683 2162 2099 2119 2050 2049 2071 2217 2187 2217 2212 2190 1733 1726 1719 1730 1764 1228 1108 1158 1145 1183 130 18 106 45 44 1612 1586 1554 1564 1649 1095 1080 1099 1105 64 1094 1097 1093 110 1097 1100 516 1098 1100 1135 1129 1132 1204 1092 0 1637 1348 1523 1220 1224 945 1525 716 1557 1546 1524 1091 1524 1955 1934 1557 1548
2167 2166 2177 2164 2201 2213 2163 2167 2167 2124 1652 2173 2152 2190 2181 2209 2196 2206 1909 2167 2166 2131 2085 2120 2225 2264 2182 2182 2200 2179 2142 2175 2175 2159 2137 2127 2115 2137 2155 1849 1754 1797 1794 1832 1733 1655 1728 1674 1677 515 475 458 446 537 1732 1431 1747 1742 1617 1735 1745 1730 1655 1741 1739 1643 1735 1745 1765 1761 1768 1857 1740 1637 0 1290 502 1012 1013 1023 502 1101 384 420 501 1051 501 1530 1549 446 430
2225 2221 2308 2362 2269 2288 2210 2228 2176 1928 1767 2231 2155 2231 2250 2255 2272 2289 1895 2224 2222 2355 1727 2340 2280 2316 2240 2233 2261 2395 2365 2394 2391 2372 1777 1769 1763 1783 1809 1988 1890 1934 1931 1974 1448 1366 1446 1392 1389 1245 1211 1195 1183 1271 1875 1569 1887 1882 1315 1873 1883 1873 1368 1875 1879 1516 1879 1888 1940 1919 1923 2152 1876 1348 1290 0 1165 814 814 986 1167 770 1165 1174 1165 540 1166 1704 1713 1188 1172
2110 2101 2127 2083 2144 2160 2086 2109 2092 2043 1617 2105 2073 2118 2111 2127 2151 2155 1817 2105 2096 2065 2009 2052 2165 2199 2121 2120 2141 2109 2075 2106 2108 2091 2058 2048 2042 2058 2082 1791 1699 1741 1739 1779 1628 1541 1615 1560 1564 459 417 400 388 483 1680 1377 1693 1690 1508 1683 1689 1678 1553 1685 1685 1553 1683 1695 1704 1699 1702 1803 1685 1523 502 1165 0 898 899 901 2 983 318 342 1 925 1 1511 1528 370 372
2043 2035 2124 2214 2076 2107 2037 2052 2058 2033 1615 2035 1978 2046 2036 2082 2104 2094 1671 2045 2033 2177 1691 2165 2107 2141 2059 2061 2081 2219 2189 2219 2211 2197 1741 1736 1729 1745 1768 1757 1659 1703 1702 1737 1328 1238 1321 1264 1260 994 956 940 932 1019 1656 1347 1651 1662 1181 1652 1647 1654 1230 1641 1657 1359 1659 1655 1683 1674 1674 1771 1645 1220 1012 814 898 0 18 812 898 656 908 907 897 544 897 1509 1515 927 916
2042 2034 2131 2217 2075 2106 2036 2050 2058 2034 1615 2034 1979 2047 2040 2081 2103 2093 1672 2044 2032 2180 1694 2168 2106 2140 2058 2060 2080 2222 2192 2222 2214 2200 1744 1740 1732 1748 1771 1757 1659 1703 1702 1738 1332 1242 1325 1268 1264 996 957 941 933 1021 1656 1347 1651 1662 1185 1652 1647 1654 1234 1641 1657 1362 1659 1655 1682 1673 1673 1771 1645 1224 1013 814 899 18 0 819 899 660 909 908 898 544 898 1517 1517 928 917
1998 1992 1876 1948 2038 2057 1998 1995 1952 1718 1565 2002 1814 2010 1960 2034 2051 2050 1371 2003 1993 1922 1718 1911 2066 2094 2019 2018 2040 1959 1936 1964 1964 1944 1768 1756 1755 1769 1793 1749 1650 1690 1692 1732 1049 963 1039 984 989 1001 967 939 943 1028 1649 1487 1645 1650 907 1647 1642 1648 942 1637 1652 1137 1653 1643 1661 1656 1656 1751 1636 945 1023 986 901 812 819 0 902 462 916 924 902 713 902 1488 1488 940 927
2108 2100 2126 2082 2142 2159 2085 2108 2090 2044 1616 2104 2071 2117 2109 2126 2150 2154 1816 2104 2095 2064 2007 2051 2164 2198 2120 2119 2140 2108 2074 2105 2107 2090 2056 2046 2040 2056 2081 1791 1699 1741 1739 1779 1630 1543 1617 1562 1566 459 417 400 388 483 1680 1376 1693 1690 1510 1683 1689 1678 1555 1685 1685 1555 1683 1695 1704 1699 1702 1803 1685 1525 502 1167 2 898 899 902 0 985 318 342 1 925 1 1510 1527 370 372
2068 2064 2131 2217 2119 2132 2058 2077 2045 2073 1636 2074 1930 2074 2058 2107 2133 2139 1724 2065 2063 2201 1720 2189 2128 2151 2081 2080 2102 2242 2214 2244 2239 2217 1770 1765 1757 1773 1800 1823 1724 1762 1764 1801 829 734 821 761 760 1083 1046 1028 1023 1108 1712 1412 1712 1720 676 1710 1711 1710 696 1706 1719 1157 1717 1715 1749 1743 1745 1823 1708 716 1101 770 983 656 660 462 985 0 1007 1006 984 508 984 1516 1499 1013 1007
2132 2124 2127 2113 2158 2190 2100 2132 2120 2033 1613 2134 2096 2133 2122 2150 2141 2171 1800 2131 2121 2079 2017 2067 2192 2229 2147 2146 2167 2126 2090 2121 2125 2106 2066 2059 2051 2067 2087 1826 1733 1777 1773 1811 1652 1575 1651 1594 1597 236 193 176 164 260 1707 1406 1729 1717 1533 1709 1725 1707 1579 1718 1712 1572 1712 1726 1734 1729 1732 1834 1719 1557 384 1165 318 908 909 916 318 1007 0 85 317 934 317 1488 1517 159 148
2132 2123 2123 2112 2156 2198 2105 2137 2119 2037 1615 2137 2089 2136 2120 2151 2146 2171 1805 2133 2126 2083 2020 2073 2194 2231 2149 2148 2169 2131 2096 2127 2131 2110 2069 2064 2054 2068 2090 1824 1729 1772 1769 1809 1644 1564 1640 1583 1585 191 148 131 119 216 1708 1405 1725 1718 1524 1710 1721 1708 1570 1714 1713 1563 1713 1722 1736 1731 1735 1828 1715 1546 420 1174 342 907 908 924 342 1006 85 0 341 947 341 1502 1516 134 103
2109 2101 2127 2083 2143 2160 2086 2109 2091 2042 1617 2105 2072 2118 2110 2127 2151 2155 1817 2105 2096 2064 2007 2051 2165 2199 2121 2120 2141 2108 2074 2105 2107 2090 2056 2046 2040 2056 2080 1790 1698 1740 1738 1778 1629 1542 1616 1561 1565 458 416 399 387 482 1679 1376 1692 1689 1509 1682 1688 1677 1553 1683 1684 1554 1682 1694 1703 1698 1701 1802 1684 1524 501 1165 1 897 898 902 1 984 317 341 0 924 0 1510 1527 369 371
1996 1999 2110 2174 2041 2073 2000 2016 2007 2044 1595 2009 1941 2008 2038 2041 2077 2080 1643 2013 2007 2143 1623 2130 2071 2106 2029 2028 2049 2187 2155 2184 2179 2161 1675 1667 1659 1677 1706 1763 1668 1711 1711 1749 1198 1109 1188 1135 1133 1020 981 965 958 1043 1648 1341 1659 1656 1053 1646 1655 1646 1107 1647 1651 1230 1651 1663 1669 1657 1657 1841 1654 1091 1051 540 925 544 544 713 925 508 934 947 924 0 924 1516 1489 953 942
2109 2101 2127 2083 2143 2160 2086 2109 2091 2043 1617 2105 2072 2118 2110 2127 2151 2155 1817 2105 2096 2065 2008 2052 2165 2199 2121 2120 2141 2109 2075 2106 2108 2091 2057 2047 2041 2057 2081 1790 1698 1740 1738 1778 1629 1542 1616 1561 1565 458 416 399 387 482 1679 1376 1692 1689 1509 1682 1688 1677 1554 1684 1684 1554 1682 1694 1703 1698 1701 1802 1684 1524 501 1166 1 897 898 902 1 984 317 341 0 924 0 1510 1527 369 371
2387 2351 2452 2412 2408 2447 2367 2387 2334 2420 1804 2364 2349 2395 2411 2413 2401 2425 2176 2382 2352 2400 2281 2390 2439 2474 2398 2397 2418 2440 2413 2440 2437 2427 2331 2323 2309 2334 2353 2240 2147 2189 2185 2213 2051 1972 2037 1993 1995 1575 1543 1520 1518 1600 2120 1823 2127 2129 1931 2121 2123 2118 1979 2117 2126 1943 2125 2150 2191 2159 2153 2395 2133 1955 1530 1704 1511 1509 1517 1488 1510 1516 1488 1502 1510 1516 1510 0 819 1515 1503
2371 2355 2440 2415 2399 2436 2359 2369 2362 2403 1793 2357 2359 2365 2418 2371 2386 2402 2203 2357 2345 2402 2291 2392 2416 2447 2372 2372 2392 2443 2412 2447 2436 2428 2339 2333 2320 2340 2360 2232 2135 2175 2173 2207 2035 1951 2016 1974 1974 1579 1545 1522 1522 1605 2111 1808 2111 2115 1913 2107 2109 2107 1966 2102 2113 1967 2114 2134 2174 2136 2132 2379 2119 1934 1549 1713 1528 1515 1517 1488 1527 1499 1517 1516 1527 1489 1527 819 0 1519 1507
2134 2129 2136 2109 2154 2196 2113 2133 2143 2059 1614 2139 2106 2141 2150 2156 2161 2174 1823 2139 2126 2080 2026 2072 2200 2236 2155 2154 2175 2130 2095 2126 2130 2109 2076 2068 2060 2074 2096 1838 1742 1786 1782 1820 1654 1575 1651 1594 1597 164 118 103 91 189 1719 1414 1738 1729 1534 1721 1734 1717 1578 1727 1725 1590 1723 1735 1746 1741 1745 1843 1728 1557 446 1188 370 927 928 940 370 1013 159 134 369 953 369 1515 1519 0 75
2116 2103 2122 2098 2132 2174 2100 2113 2129 2039 1599 2115 2089 2130 2132 2145 2147 2156 1808 2111 2106 2061 2009 2049 2172 2207 2127 2126 2147 2107 2071 2103 2107 2086 2059 2053 2043 2057 2079 1816 1721 1764 1761 1799 1645 1566 1641 1585 1588 89 45 28 16 114 1699 1395 1717 1709 1525 1701 1713 1699 1570 1706 1704 1573 1704 1714 1728 1723 1727 1822 1707 1548 430 1172 372 916 917 927 372 1007 148 103 371 942 371 1503 1507 75 0
