0 2987 389 1893 1901 1894 1944 1886 1913 1890 1986 381 333 295 303 291 312 307 335 511 3063 3063 511 506 506 506 511 506 503 3063 6690 6690 6694 6689 6692 6693 6692 6750 6752 6753 6747 6755 6750 6752 6752 6748 6750 6752 6753 6752 8657 6750 6746 6744 6757 8656 6750 6750
2987 0 2898 2945 2960 2954 2996 2942 2973 2941 3029 3012 3020 3017 3016 3021 3009 3026 2742 3020 3147 3142 3019 3026 3026 3026 3028 3026 3034 3145 6761 6759 6764 6763 6763 6762 6765 6844 6843 6847 6836 6845 6835 6847 6848 6829 6837 6839 6846 6843 8702 6834 6840 6826 6842 8704 6847 6830
389 2898 0 2006 2016 2010 2035 2002 2006 2005 2095 494 573 435 442 428 557 563 201 605 2872 2870 605 595 595 595 600 595 592 2873 5962 5964 5966 5961 5965 5965 5963 6019 6021 6022 6014 6023 6017 6021 6023 6018 6017 6019 6022 6021 7494 6019 6019 6015 6026 7495 6022 6018
1893 2945 2006 0 44 36 83 26 51 34 128 1889 2050 1933 1936 1928 2036 2025 1700 1952 2019 2014 1950 1947 1947 1947 1951 1947 1944 2011 6735 6739 6738 6736 6737 6737 6737 6865 6866 6867 6854 6869 6855 6867 6864 6857 6855 6857 6866 6866 8767 6859 6855 6860 6864 8770 6863 6861
1901 2960 2016 44 0 32 87 30 55 38 104 1896 2057 1942 1945 1937 2043 2031 1710 1961 2025 2020 1959 1957 1957 1957 1961 1957 1954 2017 6731 6735 6734 6732 6733 6733 6733 6861 6862 6863 6851 6865 6851 6863 6860 6854 6851 6853 6862 6862 8760 6855 6851 6856 6860 8763 6859 6857
1894 2954 2010 36 32 0 79 22 43 26 120 1887 2051 1934 1936 1929 2037 2023 1703 1953 2015 2011 1951 1948 1948 1948 1952 1948 1945 2008 6723 6728 6726 6724 6725 6725 6725 6851 6852 6853 6840 6855 6840 6853 6850 6843 6840 6842 6852 6852 8747 6844 6841 6846 6850 8750 6849 6847
1944 2996 2035 83 87 79 0 69 94 77 171 1937 2095 1982 1985 1977 2082 2075 1751 2002 2060 2055 2000 1998 1998 1998 2002 1998 1994 2052 6754 6759 6757 6755 6756 6756 6756 6884 6885 6886 6874 6888 6874 6886 6883 6877 6874 6876 6885 6885 8771 6878 6874 6879 6883 8774 6882 6880
1886 2942 2002 26 30 22 69 0 37 20 114 1879 2043 1924 1927 1919 2029 2018 1693 1945 2007 2002 1943 1941 1941 1941 1945 1941 1938 1999 6720 6724 6723 6721 6722 6722 6722 6847 6848 6849 6836 6851 6837 6849 6846 6839 6837 6839 6848 6848 8736 6841 6837 6842 6846 8739 6845 6843
1913 2973 2006 51 55 43 94 37 0 41 135 1906 2070 1952 1955 1947 2056 2044 1720 1971 2027 2023 1969 1966 1966 1966 1970 1966 1963 2020 6751 6754 6754 6752 6753 6753 6753 6878 6879 6880 6869 6882 6869 6880 6877 6872 6869 6871 6879 6879 8768 6873 6868 6874 6877 8771 6876 6875
1890 2941 2005 34 38 26 77 20 41 0 118 1883 2048 1928 1930 1923 2034 2022 1696 1948 2012 2007 1946 1944 1944 1944 1948 1944 1941 2005 6717 6718 6720 6718 6719 6719 6719 6849 6850 6851 6838 6853 6839 6851 6848 6841 6839 6841 6850 6850 8748 6843 6839 6844 6848 8751 6847 6845
1986 3029 2095 128 104 120 171 114 135 118 0 1977 2143 2028 2031 2023 2129 2119 1793 2040 2102 2098 2038 2037 2037 2037 2041 2037 2034 2095 6778 6782 6781 6779 6780 6780 6780 6904 6905 6906 6894 6908 6895 6906 6903 6897 6895 6897 6905 6905 8768 6899 6895 6901 6904 8771 6903 6902
381 3012 494 1889 1896 1887 1937 1879 1906 1883 1977 0 571 331 339 329 556 561 459 255 3117 3116 257 240 240 240 245 240 242 3117 6667 6662 6671 6666 6669 6670 6669 6774 6775 6777 6775 6778 6778 6776 6776 6775 6778 6780 6776 6775 8708 6778 6770 6772 6780 8707 6774 6778
333 3020 573 2050 2057 2051 2095 2043 2070 2048 2143 571 0 502 512 502 47 236 534 687 3113 3119 685 685 685 685 690 685 684 3121 6703 6705 6707 6702 6705 6706 6705 6759 6761 6762 6757 6764 6758 6761 6759 6758 6758 6760 6762 6761 8640 6758 6759 6753 6765 8639 6759 6759
295 3017 435 1933 1942 1934 1982 1924 1952 1928 2028 331 502 0 18 27 479 480 390 463 3106 3100 461 451 451 451 454 451 452 3100 6675 6677 6679 6674 6677 6678 6677 6732 6733 6734 6729 6736 6728 6733 6733 6726 6728 6729 6734 6733 8613 6730 6727 6724 6735 8612 6731 6730
303 3016 442 1936 1945 1936 1985 1927 1955 1930 2031 339 512 18 0 35 489 489 398 471 3109 3103 469 459 459 459 462 459 460 3103 6671 6675 6675 6670 6673 6674 6673 6730 6731 6732 6725 6734 6724 6731 6731 6722 6724 6725 6732 6731 8609 6726 6725 6722 6733 8608 6729 6728
291 3021 428 1928 1937 1929 1977 1919 1947 1923 2023 329 502 27 35 0 479 477 386 460 3104 3097 458 448 448 448 451 448 449 3098 6677 6679 6681 6676 6679 6680 6679 6734 6735 6736 6731 6738 6730 6735 6735 6728 6730 6731 6736 6735 8616 6732 6729 6726 6737 8615 6733 6732
312 3009 557 2036 2043 2037 2082 2029 2056 2034 2129 556 47 479 489 479 0 216 519 675 3097 3103 673 671 671 671 676 671 670 3105 6706 6705 6710 6705 6708 6709 6708 6758 6760 6761 6761 6763 6762 6760 6758 6760 6762 6764 6761 6760 8641 6762 6758 6757 6768 8640 6758 6763
307 3026 563 2025 2031 2023 2075 2018 2044 2022 2119 561 236 480 489 477 216 0 518 678 3093 3099 680 674 674 674 679 674 673 3101 6707 6706 6711 6706 6709 6710 6709 6760 6762 6763 6761 6765 6761 6762 6760 6760 6761 6762 6763 6762 8632 6762 6758 6759 6772 8631 6760 6765
335 2742 201 1700 1710 1703 1751 1693 1720 1696 1793 459 534 390 398 386 519 518 0 572 2823 2818 574 566 566 566 571 566 568 2821 6364 6370 6368 6363 6366 6367 6366 6398 6400 6401 6393 6403 6395 6400 6402 6396 6395 6397 6401 6400 8171 6396 6396 6391 6408 8173 6399 6395
511 3020 605 1952 1961 1953 2002 1945 1971 1948 2040 255 687 463 471 460 675 678 572 0 3114 3119 14 119 119 119 124 119 121 3120 6656 6647 6660 6655 6658 6659 6658 6704 6705 6706 6706 6708 6711 6705 6705 6707 6711 6713 6706 6705 8623 6711 6699 6705 6710 8622 6703 6708
3063 3147 2872 2019 2025 2015 2060 2007 2027 2012 2102 3117 3113 3106 3109 3104 3097 3093 2823 3114 0 76 3113 3123 3123 3123 3124 3123 3135 67 6706 6713 6710 6708 6706 6710 6708 6765 6767 6768 6765 6764 6758 6768 6767 6760 6758 6760 6767 6767 8690 6764 6753 6763 6768 8685 6764 6761
3063 3142 2870 2014 2020 2011 2055 2002 2023 2007 2098 3116 3119 3100 3103 3097 3103 3099 2818 3119 76 0 3117 3130 3130 3130 3131 3130 3142 73 6707 6715 6711 6709 6707 6711 6709 6767 6769 6770 6766 6766 6759 6770 6767 6761 6759 6763 6769 6769 8685 6765 6755 6759 6768 8680 6766 6761
511 3019 605 1950 1959 1951 2000 1943 1969 1946 2038 257 685 461 469 458 673 680 574 14 3113 3117 0 121 121 121 126 121 123 3119 6655 6646 6659 6654 6657 6658 6657 6703 6704 6705 6707 6707 6708 6704 6704 6708 6708 6710 6705 6704 8627 6710 6700 6704 6709 8626 6702 6707
506 3026 595 1947 1957 1948 1998 1941 1966 1944 2037 240 685 451 459 448 671 674 566 119 3123 3130 121 0 0 0 5 0 46 3127 6641 6633 6645 6640 6643 6644 6643 6690 6691 6692 6693 6694 6696 6691 6691 6694 6696 6698 6692 6691 8626 6696 6685 6690 6693 8625 6689 6693
506 3026 595 1947 1957 1948 1998 1941 1966 1944 2037 240 685 451 459 448 671 674 566 119 3123 3130 121 0 0 0 5 0 46 3127 6641 6633 6645 6640 6643 6644 6643 6690 6691 6692 6693 6694 6696 6691 6691 6694 6696 6698 6692 6691 8626 6696 6685 6690 6693 8625 6689 6693
506 3026 595 1947 1957 1948 1998 1941 1966 1944 2037 240 685 451 459 448 671 674 566 119 3123 3130 121 0 0 0 5 0 46 3127 6641 6633 6645 6640 6643 6644 6643 6690 6691 6692 6693 6694 6696 6691 6691 6694 6696 6698 6692 6691 8626 6696 6685 6690 6693 8625 6689 6693
511 3028 600 1951 1961 1952 2002 1945 1970 1948 2041 245 690 454 462 451 676 679 571 124 3124 3131 126 5 5 5 0 5 51 3128 6643 6635 6647 6642 6645 6646 6645 6692 6693 6694 6695 6696 6698 6693 6693 6696 6698 6700 6694 6693 8626 6698 6687 6692 6695 8625 6691 6695
506 3026 595 1947 1957 1948 1998 1941 1966 1944 2037 240 685 451 459 448 671 674 566 119 3123 3130 121 0 0 0 5 0 46 3127 6641 6633 6645 6640 6643 6644 6643 6690 6691 6692 6693 6694 6696 6691 6691 6694 6696 6698 6692 6691 8626 6696 6685 6690 6693 8625 6689 6693
503 3034 592 1944 1954 1945 1994 1938 1963 1941 2034 242 684 452 460 449 670 673 568 121 3135 3142 123 46 46 46 51 46 0 3139 6650 6642 6654 6649 6652 6653 6652 6699 6700 6701 6702 6703 6705 6700 6700 6703 6705 6707 6701 6700 8624 6705 6694 6699 6702 8623 6698 6702
3063 3145 2873 2011 2017 2008 2052 1999 2020 2005 2095 3117 3121 3100 3103 3098 3105 3101 2821 3120 67 73 3119 3127 3127 3127 3128 3127 3139 0 6705 6714 6709 6707 6705 6709 6707 6769 6771 6772 6769 6768 6762 6772 6769 6764 6762 6764 6771 6771 8705 6768 6759 6765 6772 8700 6768 6765
6690 6761 5962 6735 6731 6723 6754 6720 6751 6717 6778 6667 6703 6675 6671 6677 6706 6707 6364 6656 6706 6707 6655 6641 6641 6641 6643 6641 6650 6705 0 212 9 14 11 11 10 204 205 211 39 207 38 203 203 34 46 43 204 205 7812 33 184 74 159 7807 197 46
6690 6759 5964 6739 6735 6728 6759 6724 6754 6718 6782 6662 6705 6677 6675 6679 6705 6706 6370 6647 6713 6715 6646 6633 6633 6633 6635 6633 6642 6714 212 0 215 218 215 215 214 153 154 160 219 156 216 152 154 210 224 221 153 154 7824 211 127 196 180 7821 146 189
6694 6764 5966 6738 6734 6726 6757 6723 6754 6720 6781 6671 6707 6679 6675 6681 6710 6711 6368 6660 6710 6711 6659 6645 6645 6645 6647 6645 6654 6709 9 215 0 15 14 14 11 207 208 214 42 210 41 206 206 37 49 45 207 208 7812 36 187 77 162 7807 200 49
6689 6763 5961 6736 6732 6724 6755 6721 6752 6718 6779 6666 6702 6674 6670 6676 6705 6706 6363 6655 6708 6709 6654 6640 6640 6640 6642 6640 6649 6707 14 218 15 0 17 17 16 210 211 217 47 213 46 209 209 42 54 51 210 211 7811 41 192 82 167 7806 203 54
6692 6763 5965 6737 6733 6725 6756 6722 6753 6719 6780 6669 6705 6677 6673 6679 6708 6709 6366 6658 6706 6707 6657 6643 6643 6643 6645 6643 6652 6705 11 215 14 17 0 12 15 205 206 212 42 208 39 204 204 37 47 44 205 206 7813 36 187 77 162 7808 198 49
6693 6762 5965 6737 6733 6725 6756 6722 6753 6719 6780 6670 6706 6678 6674 6680 6709 6710 6367 6659 6710 6711 6658 6644 6644 6644 6646 6644 6653 6709 11 215 14 17 12 0 15 205 206 212 42 208 41 204 204 37 49 46 205 206 7812 36 187 77 162 7807 198 49
6692 6765 5963 6737 6733 6725 6756 6722 6753 6719 6780 6669 6705 6677 6673 6679 6708 6709 6366 6658 6708 6709 6657 6643 6643 6643 6645 6643 6652 6707 10 214 11 16 15 15 0 208 209 215 43 211 42 207 207 38 50 47 208 209 7809 37 188 76 163 7804 201 50
6750 6844 6019 6865 6861 6851 6884 6847 6878 6849 6904 6774 6759 6732 6730 6734 6758 6760 6398 6704 6765 6767 6703 6690 6690 6690 6692 6690 6699 6769 204 153 207 210 205 205 208 0 6 20 234 7 231 16 33 231 240 236 7 6 8209 228 110 211 176 8213 54 207
6752 6843 6021 6866 6862 6852 6885 6848 6879 6850 6905 6775 6761 6733 6731 6735 6760 6762 6400 6705 6767 6769 6704 6691 6691 6691 6693 6691 6700 6771 205 154 208 211 206 206 209 6 0 22 236 9 233 18 35 233 242 238 9 0 8211 230 112 213 178 8215 54 209
6753 6847 6022 6867 6863 6853 6886 6849 6880 6851 6906 6777 6762 6734 6732 6736 6761 6763 6401 6706 6768 6770 6705 6692 6692 6692 6694 6692 6701 6772 211 160 214 217 212 212 215 20 22 0 242 23 239 16 39 241 248 244 23 22 8208 236 116 217 182 8210 60 215
6747 6836 6014 6854 6851 6840 6874 6836 6869 6838 6894 6775 6757 6729 6725 6731 6761 6761 6393 6706 6765 6766 6707 6693 6693 6693 6695 6693 6702 6769 39 219 42 47 42 42 43 234 236 242 0 237 45 238 239 31 54 50 231 236 8228 40 220 93 184 8224 237 56
6755 6845 6023 6869 6865 6855 6888 6851 6882 6853 6908 6778 6764 6736 6734 6738 6763 6765 6403 6708 6764 6766 6707 6694 6694 6694 6696 6694 6703 6768 207 156 210 213 208 208 211 7 9 23 237 0 234 19 36 234 243 239 10 9 8207 231 113 214 179 8211 57 210
6750 6835 6017 6855 6851 6840 6874 6837 6869 6839 6895 6778 6758 6728 6724 6730 6762 6761 6395 6711 6758 6759 6708 6696 6696 6696 6698 6696 6705 6762 38 216 41 46 39 41 42 231 233 239 45 234 0 235 236 42 9 5 228 233 8227 25 217 88 183 8225 236 51
6752 6847 6021 6867 6863 6853 6886 6849 6880 6851 6906 6776 6761 6733 6731 6735 6760 6762 6400 6705 6768 6770 6704 6691 6691 6691 6693 6691 6700 6772 203 152 206 209 204 204 207 16 18 16 238 19 235 0 27 237 244 240 19 18 8209 232 112 213 178 8211 48 211
6752 6848 6023 6864 6860 6850 6883 6846 6877 6848 6903 6776 6759 6733 6731 6735 6758 6760 6402 6705 6767 6767 6704 6691 6691 6691 6693 6691 6700 6769 203 154 206 209 204 204 207 33 35 39 239 36 236 27 0 238 245 241 36 35 8213 233 113 214 179 8211 49 212
6748 6829 6018 6857 6854 6843 6877 6839 6872 6841 6897 6775 6758 6726 6722 6728 6760 6760 6396 6707 6760 6761 6708 6694 6694 6694 6696 6694 6703 6764 34 210 37 42 37 37 38 231 233 241 31 234 42 237 238 0 51 47 228 233 8224 37 219 86 181 8220 236 51
6750 6837 6017 6855 6851 6840 6874 6837 6869 6839 6895 6778 6758 6728 6724 6730 6762 6761 6395 6711 6758 6759 6708 6696 6696 6696 6698 6696 6705 6762 46 224 49 54 47 49 50 240 242 248 54 243 9 244 245 51 0 14 237 242 8230 34 224 97 192 8228 245 60
6752 6839 6019 6857 6853 6842 6876 6839 6871 6841 6897 6780 6760 6729 6725 6731 6764 6762 6397 6713 6760 6763 6710 6698 6698 6698 6700 6698 6707 6764 43 221 45 51 44 46 47 236 238 244 50 239 5 240 241 47 14 0 233 238 8227 30 222 93 188 8225 241 56
6753 6846 6022 6866 6862 6852 6885 6848 6879 6850 6905 6776 6762 6734 6732 6736 6761 6763 6401 6706 6767 6769 6705 6692 6692 6692 6694 6692 6701 6771 204 153 207 210 205 205 208 7 9 23 231 10 228 19 36 228 237 233 0 9 8213 225 107 208 175 8217 51 204
6752 6843 6021 6866 6862 6852 6885 6848 6879 6850 6905 6775 6761 6733 6731 6735 6760 6762 6400 6705 6767 6769 6704 6691 6691 6691 6693 6691 6700 6771 205 154 208 211 206 206 209 6 0 22 236 9 233 18 35 233 242 238 9 0 8211 230 112 213 178 8215 54 209
8657 8702 7494 8767 8760 8747 8771 8736 8768 8748 8768 8708 8640 8613 8609 8616 8641 8632 8171 8623 8690 8685 8627 8626 8626 8626 8626 8626 8624 8705 7812 7824 7812 7811 7813 7812 7809 8209 8211 8208 8228 8207 8227 8209 8213 8224 8230 8227 8213 8211 0 8227 8235 8232 8227 95 8221 8227
6750 6834 6019 6859 6855 6844 6878 6841 6873 6843 6899 6778 6758 6730 6726 6732 6762 6762 6396 6711 6764 6765 6710 6696 6696 6696 6698 6696 6705 6768 33 211 36 41 36 36 37 228 230 236 40 231 25 232 233 37 34 30 225 230 8227 0 214 83 178 8225 233 46
6746 6840 6019 6855 6851 6841 6874 6837 6868 6839 6895 6770 6759 6727 6725 6729 6758 6758 6396 6699 6753 6755 6700 6685 6685 6685 6687 6685 6694 6759 184 127 187 192 187 187 188 110 112 116 220 113 217 112 113 219 224 222 107 112 8235 214 0 195 167 8233 111 193
6744 6826 6015 6860 6856 6846 6879 6842 6874 6844 6901 6772 6753 6724 6722 6726 6757 6759 6391 6705 6763 6759 6704 6690 6690 6690 6692 6690 6699 6765 74 196 77 82 77 77 76 211 213 217 93 214 88 213 214 86 97 93 208 213 8232 83 195 0 163 8230 214 63
6757 6842 6026 6864 6860 6850 6883 6846 6877 6848 6904 6780 6765 6735 6733 6737 6768 6772 6408 6710 6768 6768 6709 6693 6693 6693 6695 6693 6702 6772 159 180 162 167 162 162 163 176 178 182 184 179 183 178 179 181 192 188 175 178 8227 178 167 163 0 8225 177 157
8656 8704 7495 8770 8763 8750 8774 8739 8771 8751 8771 8707 8639 8612 8608 8615 8640 8631 8173 8622 8685 8680 8626 8625 8625 8625 8625 8625 8623 8700 7807 7821 7807 7806 7808 7807 7804 8213 8215 8210 8224 8211 8225 8211 8211 8220 8228 8225 8217 8215 95 8225 8233 8230 8225 0 8211 8225
6750 6847 6022 6863 6859 6849 6882 6845 6876 6847 6903 6774 6759 6731 6729 6733 6758 6760 6399 6703 6764 6766 6702 6689 6689 6689 6691 6689 6698 6768 197 146 200 203 198 198 201 54 54 60 237 57 236 48 49 236 245 241 51 54 8221 233 111 214 177 8211 0 212
6750 6830 6018 6861 6857 6847 6880 6843 6875 6845 6902 6778 6759 6730 6728 6732 6763 6765 6395 6708 6761 6761 6707 6693 6693 6693 6695 6693 6702 6765 46 189 49 54 49 49 50 207 209 215 56 210 51 211 212 51 60 56 204 209 8227 46 193 63 157 8225 212 0
