0 48 41 42 39 46 49
48 0 45 46 47 50 37
41 45 0 37 40 21 46
42 46 37 0 41 42 45
39 47 40 41 0 45 48
46 50 21 42 45 0 51
49 37 46 45 48 51 0
