0 369 206 592 248 475 487 1397 333 250 604 1289 592 1307 1310 1322 1958 1320 1367 1316 1300 2023 2141 2050 2078 2079 2005 2339 2331 2105 2081
369 0 331 680 340 577 583 1408 437 362 695 1311 685 1331 1348 1368 1950 1360 1303 1357 1326 2014 2120 2035 2063 2064 2007 2344 2327 2083 2063
206 331 0 572 223 438 442 1383 272 230 570 1270 557 1290 1302 1325 1928 1312 1331 1307 1284 1990 2119 2012 2052 2053 1984 2341 2326 2081 2057
592 680 572 0 593 777 786 1266 648 573 377 1395 364 1636 1636 1661 2027 1658 1676 1655 1626 2086 2044 2108 1970 1971 2087 2294 2316 1993 1975
248 340 223 593 0 494 487 1387 323 247 597 1301 588 1285 1306 1325 1943 1316 1344 1345 1295 1995 2127 2026 2058 2059 1998 2368 2362 2089 2065
475 577 438 777 494 0 251 1434 426 429 772 1395 757 1279 1345 1381 2023 1353 1469 1370 1283 2082 2169 2102 2116 2117 2057 2384 2363 2136 2118
487 583 442 786 487 251 0 1426 429 435 773 1361 760 1315 1361 1398 1986 1365 1483 1368 1303 2053 2184 2072 2109 2110 2058 2365 2349 2123 2108
1397 1408 1383 1266 1387 1434 1426 0 1419 1381 1335 1029 1317 2106 2091 2081 1608 2106 2126 2106 2096 1673 1880 1691 1782 1783 1638 2142 2169 1789 1774
333 437 272 648 323 426 429 1419 0 293 650 1299 638 1201 1231 1295 1947 1243 1386 1242 1196 2009 2135 2033 2071 2072 2013 2345 2322 2106 2078
250 362 230 573 247 429 435 1381 293 0 581 1271 571 1285 1300 1295 1941 1309 1372 1308 1275 2006 2134 2031 2062 2063 2001 2315 2310 2093 2073
604 695 570 377 597 772 773 1335 650 581 0 1467 73 1643 1650 1654 2089 1672 1688 1667 1629 2150 2100 2170 2032 2033 2146 2363 2367 2048 2029
1289 1311 1270 1395 1301 1395 1361 1029 1299 1271 1467 0 1449 2068 2050 2044 1598 2055 2071 2085 2070 1656 2052 1685 1971 1972 1656 2252 2264 1990 1973
592 685 557 364 588 757 760 1317 638 571 73 1449 0 1634 1635 1646 2079 1657 1679 1653 1619 2140 2089 2158 2019 2020 2134 2353 2357 2040 2017
1307 1331 1290 1636 1285 1279 1315 2106 1201 1285 1643 2068 1634 0 115 199 1070 126 329 112 27 1096 1744 1705 1690 1689 1647 2113 2098 1731 1710
1310 1348 1302 1636 1306 1345 1361 2091 1231 1300 1650 2050 1635 115 0 98 1077 26 338 17 104 1092 1726 1705 1676 1675 1648 2104 2092 1710 1690
1322 1368 1325 1661 1325 1381 1398 2081 1295 1295 1654 2044 1646 199 98 0 1062 110 361 101 190 1078 1714 1693 1670 1669 1636 2101 2096 1697 1676
1958 1950 1928 2027 1943 2023 1986 1608 1947 1941 2089 1598 2079 1070 1077 1062 0 1083 1103 1077 1063 55 1583 647 1473 1472 1146 1895 1877 1498 1489
1320 1360 1312 1658 1316 1353 1365 2106 1243 1309 1672 2055 1657 126 26 110 1083 0 351 28 115 1096 1738 1712 1684 1683 1659 2115 2105 1724 1703
1367 1303 1331 1676 1344 1469 1483 2126 1386 1372 1688 2071 1679 329 338 361 1103 351 0 340 322 1126 1758 1736 1696 1695 1670 2145 2123 1734 1716
1316 1357 1307 1655 1345 1370 1368 2106 1242 1308 1667 2085 1653 112 17 101 1077 28 340 0 102 1099 1740 1715 1686 1685 1658 2146 2132 1722 1701
1300 1326 1284 1626 1295 1283 1303 2096 1196 1275 1629 2070 1619 27 104 190 1063 115 322 102 0 1089 1738 1702 1683 1682 1642 2120 2107 1722 1701
2023 2014 1990 2086 1995 2082 2053 1673 2009 2006 2150 1656 2140 1096 1092 1078 55 1096 1126 1099 1089 0 1636 713 1524 1523 1217 1950 1930 1553 1544
2141 2120 2119 2044 2127 2169 2184 1880 2135 2134 2100 2052 2089 1744 1726 1714 1583 1738 1758 1740 1738 1636 0 1094 498 497 1006 1517 1538 441 425
2050 2035 2012 2108 2026 2102 2072 1691 2033 2031 2170 1685 2158 1705 1705 1693 647 1712 1736 1715 1702 713 1094 0 976 975 651 1502 1486 1007 1001
2078 2063 2052 1970 2058 2116 2109 1782 2071 2062 2032 1971 2019 1690 1676 1670 1473 1684 1696 1686 1683 1524 498 976 0 1 892 1496 1514 365 367
2079 2064 2053 1971 2059 2117 2110 1783 2072 2063 2033 1972 2020 1689 1675 1669 1472 1683 1695 1685 1682 1523 497 975 1 0 891 1496 1514 364 366
2005 2007 1984 2087 1998 2057 2058 1638 2013 2001 2146 1656 2134 1647 1648 1636 1146 1659 1670 1658 1642 1217 1006 651 892 891 0 1495 1500 924 913
2339 2344 2341 2294 2368 2384 2365 2142 2345 2315 2363 2252 2353 2113 2104 2101 1895 2115 2145 2146 2120 1950 1517 1502 1496 1496 1495 0 815 1500 1488
2331 2327 2326 2316 2362 2363 2349 2169 2322 2310 2367 2264 2357 2098 2092 2096 1877 2105 2123 2132 2107 1930 1538 1486 1514 1514 1500 815 0 1505 1493
2105 2083 2081 1993 2089 2136 2123 1789 2106 2093 2048 1990 2040 1731 1710 1697 1498 1724 1734 1722 1722 1553 441 1007 365 364 924 1500 1505 0 75
2081 2063 2057 1975 2065 2118 2108 1774 2078 2073 2029 1973 2017 1710 1690 1676 1489 1703 1716 1701 1701 1544 425 1001 367 366 913 1488 1493 75 0
