0 1444 71 279 1430 1370 367 315 655 1262 644 1964 1992 1325 1312 1325 1311 1980 2102 2042 2039 1956 2011 2050 2030
1444 0 1451 1454 129 572 1490 1461 1398 1172 1384 1835 1806 2161 2169 2159 2170 1801 1946 1871 1864 1759 1872 1892 1876
71 1451 0 234 1436 1360 342 293 631 1267 620 1975 2006 1321 1309 1322 1309 1993 2107 2060 2058 1961 2031 2064 2042
279 1454 234 0 1449 1383 303 220 576 1297 563 1990 2019 1293 1282 1293 1283 2006 2110 2067 2067 1975 2041 2077 2053
1430 129 1436 1449 0 565 1484 1453 1390 1175 1375 1839 1803 2145 2155 2146 2157 1800 1949 1873 1866 1760 1870 1895 1879
1370 572 1360 1383 565 0 1418 1380 1334 1028 1316 1734 1671 2090 2094 2092 2096 1667 1860 1753 1750 1624 1766 1773 1758
367 1490 342 303 1484 1418 0 293 650 1297 638 1998 2018 1233 1198 1233 1198 2006 2110 2075 2075 1993 2048 2085 2057
315 1461 293 220 1453 1380 293 0 581 1269 571 1979 2016 1305 1282 1305 1279 2005 2108 2067 2064 1980 2040 2071 2051
655 1398 631 576 1390 1334 650 581 0 1465 73 2161 2161 1661 1637 1664 1631 2150 2075 2026 2024 2126 2009 2027 2008
1262 1172 1267 1297 1175 1028 1297 1269 1465 0 1447 1614 1667 2046 2056 2050 2060 1655 2033 1965 1964 1642 1952 1973 1956
644 1384 620 563 1375 1316 638 571 73 1447 0 2149 2151 1644 1626 1647 1619 2138 2064 2016 2012 2114 1996 2019 1996
1964 1835 1975 1990 1839 1734 1998 1979 2161 1614 2149 0 539 1068 1074 1070 1069 511 1657 1576 1585 1373 1565 1601 1584
1992 1806 2006 2019 1803 1671 2018 2016 2161 1667 2151 539 0 1127 1120 1129 1116 95 1675 1586 1595 1247 1568 1591 1583
1325 2161 1321 1293 2145 2090 1233 1305 1661 2046 1644 1068 1127 0 111 10 104 1090 1744 1721 1720 1666 1692 1728 1710
1312 2169 1309 1282 2155 2094 1198 1282 1637 2056 1626 1074 1120 111 0 113 21 1094 1755 1727 1731 1653 1699 1738 1717
1325 2159 1322 1293 2146 2092 1233 1305 1664 2050 1647 1070 1129 10 113 0 106 1092 1746 1721 1720 1668 1694 1730 1710
1311 2170 1309 1283 2157 2096 1198 1279 1631 2060 1619 1069 1116 104 21 106 0 1089 1755 1729 1733 1658 1700 1740 1719
1980 1801 1993 2006 1800 1667 2006 2005 2150 1655 2138 511 95 1090 1094 1092 1089 0 1654 1563 1574 1234 1542 1572 1563
2102 1946 2107 2110 1949 1860 2110 2108 2075 2033 2064 1657 1675 1744 1755 1746 1755 1654 0 415 379 1006 498 441 425
2042 1871 2060 2067 1873 1753 2075 2067 2026 1965 2016 1576 1586 1721 1727 1721 1729 1563 415 0 85 904 337 134 103
2039 1864 2058 2067 1866 1750 2075 2064 2024 1964 2012 1585 1595 1720 1731 1720 1733 1574 379 85 0 905 313 159 148
1956 1759 1961 1975 1760 1624 1993 1980 2126 1642 2114 1373 1247 1666 1653 1668 1658 1234 1006 904 905 0 892 924 913
2011 1872 2031 2041 1870 1766 2048 2040 2009 1952 1996 1565 1568 1692 1699 1694 1700 1542 498 337 313 892 0 365 367
2050 1892 2064 2077 1895 1773 2085 2071 2027 1973 2019 1601 1591 1728 1738 1730 1740 1572 441 134 159 924 365 0 75
2030 1876 2042 2053 1879 1758 2057 2051 2008 1956 1996 1584 1583 1710 1717 1710 1719 1563 425 103 148 913 367 75 0
