0 386 1367 660 565 1452 358 241 1121 516 1270 1365 412 367 638 1256 632 1417 1368 1936 1972 1424 1930 1425 1953 1463 1400 1405 1393 1964 2038 1971 2133 1967 2103 1926 2025 2025 2287 2303 2045 2027
386 0 1391 534 413 1487 294 387 1133 465 1281 1374 295 267 623 1269 612 1319 1268 1977 2016 1313 1973 1317 1995 1331 1295 1308 1293 2007 2100 2025 2176 1986 2135 1971 2075 2075 2320 2336 2104 2082
1367 1391 0 1138 1447 1407 1385 1399 110 1450 838 1394 1425 1402 1468 1342 1459 2198 2180 2046 2080 2196 2045 2202 2063 2192 2191 2197 2188 2061 2165 2080 2227 2104 2210 2043 2132 2132 2412 2389 2187 2172
660 534 1138 0 506 1460 555 664 894 695 1226 1383 615 555 882 1295 870 1380 1347 2003 2040 1369 1999 1386 2020 1298 1362 1372 1359 2031 2069 2034 2174 1973 2126 1956 2044 2044 2337 2345 2074 2058
565 413 1447 506 0 1504 433 558 1174 541 1343 1401 501 424 745 1297 733 1387 1367 2000 2033 1383 1995 1384 2016 1291 1366 1378 1359 2022 2095 2041 2191 2005 2140 1961 2073 2073 2344 2365 2096 2077
1452 1487 1407 1460 1504 0 1466 1460 1122 1535 1377 1324 1496 1459 1541 1260 1535 2201 2204 1925 1957 2194 1915 2208 1943 2213 2211 2222 2212 1936 2123 1972 2227 2025 2173 1993 2118 2118 2394 2366 2140 2120
358 294 1385 555 433 1466 0 356 1124 489 1277 1381 335 224 561 1252 556 1338 1353 1953 1993 1339 1949 1350 1970 1339 1318 1325 1312 1982 2067 2004 2156 1990 2114 1948 2043 2043 2312 2318 2068 2043
241 387 1399 664 558 1460 356 0 1160 509 1304 1390 422 350 661 1300 644 1422 1363 1972 2009 1429 1965 1434 1988 1463 1405 1412 1399 2000 2058 2009 2163 1989 2119 1950 2041 2041 2313 2318 2070 2057
1121 1133 110 894 1174 1122 1124 1160 0 1191 664 1117 1164 1145 1184 1075 1175 1927 1916 1785 1814 1928 1785 1931 1802 1920 1917 1932 1914 1800 1878 1816 1968 1826 1922 1783 1857 1857 2074 2063 1891 1885
516 465 1450 695 541 1535 489 509 1191 0 1362 1425 429 435 773 1359 760 1370 1305 2020 2059 1381 2014 1383 2038 1472 1317 1316 1312 2050 2117 2068 2203 2055 2183 2005 2108 2108 2348 2368 2121 2106
1270 1281 838 1226 1343 1377 1277 1304 664 1362 0 1295 1331 1284 1367 1278 1362 2154 2134 1994 2024 2156 1984 2163 2011 2178 2144 2153 2156 2002 2084 2019 2208 1998 2144 1998 2071 2071 2375 2368 2112 2094
1365 1374 1394 1383 1401 1324 1381 1390 1117 1425 1295 0 1418 1380 1334 1028 1316 2105 2080 1631 1669 2100 1627 2112 1649 2128 2108 2115 2101 1666 1765 1688 1860 1636 1876 1607 1782 1782 2167 2142 1788 1773
412 295 1425 615 501 1496 335 422 1164 429 1331 1418 0 293 650 1297 638 1241 1287 1979 2017 1243 1977 1247 1996 1369 1209 1211 1205 2007 2096 2029 2188 2010 2132 1976 2070 2070 2321 2346 2104 2076
367 267 1402 555 424 1459 224 350 1145 435 1284 1380 293 0 581 1269 571 1312 1318 1973 2013 1318 1971 1324 1990 1340 1290 1295 1284 2004 2086 2027 2186 1998 2131 1970 2061 2061 2309 2316 2091 2071
638 623 1468 882 745 1541 561 661 1184 773 1367 1334 650 581 0 1465 73 1670 1671 2124 2159 1657 2120 1674 2141 1658 1645 1653 1639 2148 2045 2166 2320 2143 2097 2107 2030 2031 2366 2364 2046 2027
1256 1269 1342 1295 1297 1260 1252 1300 1075 1359 1278 1028 1297 1269 1465 0 1447 2064 2056 1634 1670 2063 1622 2065 1652 2106 2065 2075 2078 1657 1978 1682 1697 1652 2048 1587 1968 1969 2264 2253 1987 1970
632 612 1459 870 733 1535 556 644 1175 760 1362 1316 638 571 73 1447 0 1655 1660 2113 2150 1641 2109 1659 2130 1646 1634 1641 1628 2137 2033 2154 2305 2131 2086 2094 2017 2018 2356 2354 2038 2015
1417 1319 2198 1380 1387 2201 1338 1422 1927 1370 2154 2105 1241 1312 1670 2064 1655 0 231 1091 1133 50 1079 52 1092 328 106 139 103 1097 1710 1716 1876 1657 1738 1649 1684 1684 2094 2108 1724 1703
1368 1268 2180 1347 1367 2204 1353 1363 1916 1305 2134 2080 1287 1318 1671 2056 1660 231 0 1052 1095 268 1039 244 1054 315 159 195 160 1066 1719 1682 1851 1623 1766 1621 1689 1689 2098 2113 1728 1715
1936 1977 2046 2003 2000 1925 1953 1972 1785 2020 1994 1631 1979 1973 2124 1634 2113 1091 1052 0 80 1089 23 1092 1 1108 1074 1087 1073 70 1524 678 1313 1176 1608 1053 1499 1499 1890 1913 1528 1519
1972 2016 2080 2040 2033 1957 1993 2009 1814 2059 2024 1669 2017 2013 2159 1670 2150 1133 1095 80 0 1131 69 1135 81 1152 1119 1130 1116 95 1571 719 1360 1226 1652 1100 1544 1544 1936 1956 1571 1563
1424 1313 2196 1369 1383 2194 1339 1429 1928 1381 2156 2100 1243 1318 1657 2063 1641 50 268 1089 1131 0 1078 87 1089 361 141 148 138 1095 1707 1714 1868 1659 1734 1640 1682 1682 2090 2109 1720 1700
1930 1973 2045 1999 1995 1915 1949 1965 1785 2014 1984 1627 1977 1971 2120 1622 2109 1079 1039 23 69 1078 0 1080 24 1098 1062 1077 1061 59 1521 672 1308 1171 1604 1047 1495 1495 1889 1907 1523 1514
1425 1317 2202 1386 1384 2208 1350 1434 1931 1383 2163 2112 1247 1324 1674 2065 1659 52 244 1092 1135 87 1080 0 1093 327 132 165 129 1097 1712 1717 1879 1663 1740 1652 1686 1686 2102 2115 1728 1706
1953 1995 2063 2020 2016 1943 1970 1988 1802 2038 2011 1649 1996 1990 2141 1652 2130 1092 1054 1 81 1089 24 1093 0 1110 1076 1088 1074 71 1543 696 1333 1196 1627 1073 1519 1519 1909 1933 1546 1537
1463 1331 2192 1298 1291 2213 1339 1463 1920 1472 2178 2128 1369 1340 1658 2106 1646 328 315 1108 1152 361 1098 327 1110 0 294 328 292 1126 1717 1737 1915 1656 1743 1647 1683 1683 2120 2139 1723 1703
1400 1295 2191 1362 1366 2211 1318 1405 1917 1317 2144 2108 1209 1290 1645 2065 1634 106 159 1074 1119 141 1062 132 1076 294 0 51 15 1092 1722 1709 1875 1648 1744 1656 1689 1689 2090 2106 1732 1711
1405 1308 2197 1372 1378 2222 1325 1412 1932 1316 2153 2115 1211 1295 1653 2075 1641 139 195 1087 1130 148 1077 165 1088 328 51 0 48 1101 1731 1717 1884 1665 1752 1667 1703 1703 2098 2112 1740 1720
1393 1293 2188 1359 1359 2212 1312 1399 1914 1312 2156 2101 1205 1284 1639 2078 1628 103 160 1073 1116 138 1061 129 1074 292 15 48 0 1089 1717 1705 1873 1645 1739 1653 1684 1684 2098 2113 1727 1706
1964 2007 2061 2031 2022 1936 1982 2000 1800 2050 2002 1666 2007 2004 2148 1657 2137 1097 1066 70 95 1095 59 1097 71 1126 1092 1101 1089 0 1548 707 1339 1211 1628 1082 1516 1516 1916 1937 1549 1540
2038 2100 2165 2069 2095 2123 2067 2058 1878 2117 2084 1765 2096 2086 2045 1978 2033 1710 1719 1524 1571 1707 1521 1712 1543 1717 1722 1731 1717 1548 0 1000 1160 905 379 928 312 312 1501 1471 159 148
1971 2025 2080 2034 2041 1972 2004 2009 1816 2068 2019 1688 2029 2027 2166 1682 2154 1716 1682 678 719 1714 672 1717 696 1737 1709 1717 1705 707 1000 0 766 650 1093 505 974 974 1483 1499 1006 1000
2133 2176 2227 2174 2191 2227 2156 2163 1968 2203 2208 1860 2188 2186 2320 1697 2305 1876 1851 1313 1360 1868 1308 1879 1333 1915 1875 1884 1873 1339 1160 766 0 812 1284 542 1157 1158 1694 1686 1183 1167
1967 1986 2104 1973 2005 2025 1990 1989 1826 2055 1998 1636 2010 1998 2143 1652 2131 1657 1623 1176 1226 1659 1171 1663 1196 1656 1648 1665 1645 1211 905 650 812 0 1006 541 891 891 1498 1493 924 913
2103 2135 2210 2126 2140 2173 2114 2119 1922 2183 2144 1876 2132 2131 2097 2048 2086 1738 1766 1608 1652 1734 1604 1740 1627 1743 1744 1752 1739 1628 379 1093 1284 1006 0 1044 497 497 1536 1515 441 425
1926 1971 2043 1956 1961 1993 1948 1950 1783 2005 1998 1607 1976 1970 2107 1587 2094 1649 1621 1053 1100 1640 1047 1652 1073 1647 1656 1667 1653 1082 928 505 542 541 1044 0 915 915 1474 1502 947 936
2025 2075 2132 2044 2073 2118 2043 2041 1857 2108 2071 1782 2070 2061 2030 1968 2017 1684 1689 1499 1544 1682 1495 1686 1519 1683 1689 1703 1684 1516 312 974 1157 891 497 915 0 0 1512 1494 364 366
2025 2075 2132 2044 2073 2118 2043 2041 1857 2108 2071 1782 2070 2061 2031 1969 2018 1684 1689 1499 1544 1682 1495 1686 1519 1683 1689 1703 1684 1516 312 974 1158 891 497 915 0 0 1512 1494 364 366
2287 2320 2412 2337 2344 2394 2312 2313 2074 2348 2375 2167 2321 2309 2366 2264 2356 2094 2098 1890 1936 2090 1889 2102 1909 2120 2090 2098 2098 1916 1501 1483 1694 1498 1536 1474 1512 1512 0 815 1503 1491
2303 2336 2389 2345 2365 2366 2318 2318 2063 2368 2368 2142 2346 2316 2364 2253 2354 2108 2113 1913 1956 2109 1907 2115 1933 2139 2106 2112 2113 1937 1471 1499 1686 1493 1515 1502 1494 1494 815 0 1498 1486
2045 2104 2187 2074 2096 2140 2068 2070 1891 2121 2112 1788 2104 2091 2046 1987 2038 1724 1728 1528 1571 1720 1523 1728 1546 1723 1732 1740 1727 1549 159 1006 1183 924 441 947 364 364 1503 1498 0 75
2027 2082 2172 2058 2077 2120 2043 2057 1885 2106 2094 1773 2076 2071 2027 1970 2015 1703 1715 1519 1563 1700 1514 1706 1537 1703 1711 1720 1706 1540 148 1000 1167 913 425 936 366 366 1491 1486 75 0
