0 1439 155 222 179 522 1482 230 340 1308 414 239 288 1177 441 486 447 462 1388 323 274 611 1272 598 1342 1359 1063 1359 1361 1367 2008 1354 1365 1432 2015 1355 1362 1384 1372 1340 1451 1380 1339 2019 2081 2121 2082 2013 1984 2082 2012 2115 2050 2158 2196 1987 2082 2377 2353 2120 2096
1439 0 1013 1472 1445 1479 1432 1442 1512 1182 1499 1465 1490 1220 1535 1538 1531 1545 552 1497 1467 1405 1170 1390 2222 2217 1928 2217 2226 2192 1860 2213 2223 2196 1809 2212 2219 2236 2223 2223 2334 2232 2220 1820 1927 1933 1928 1799 1758 1928 1798 1925 1853 2011 2004 1485 1928 2276 2306 1954 1938
155 1013 0 109 105 405 1032 96 193 869 306 158 147 779 290 332 305 312 997 182 142 261 924 268 1130 1159 917 1157 1158 1174 1635 1157 1167 1181 1615 1157 1162 1154 1162 1131 1167 1153 1131 1591 1616 1616 1617 1615 1591 1617 1615 1615 1636 1653 1765 1567 1617 1802 1791 1615 1600
222 1472 109 0 189 533 1512 182 304 1321 446 252 247 1160 476 498 463 489 1400 285 234 561 1293 550 1352 1378 1084 1382 1384 1397 2019 1377 1384 1440 2035 1376 1381 1398 1402 1374 1604 1392 1364 2029 2085 2113 2086 2030 2007 2086 2029 2110 2061 2155 2270 1994 2086 2405 2395 2113 2087
179 1445 105 189 0 516 1472 143 250 1297 415 120 214 1150 423 470 437 453 1386 278 192 551 1276 540 1294 1309 1013 1309 1311 1328 1999 1304 1317 1411 2011 1306 1311 1347 1354 1293 1403 1343 1291 2019 2076 2104 2077 2010 1978 2077 2009 2103 2050 2144 2198 1972 2077 2346 2337 2106 2082
522 1479 405 533 516 0 1489 509 615 1373 591 564 530 1221 705 739 709 732 1391 628 567 895 1300 883 1407 1430 1130 1429 1431 1443 2045 1425 1436 1475 2057 1427 1433 1397 1383 1408 1516 1395 1403 2062 2081 2098 2082 2011 1993 2083 2010 2109 2069 2164 2211 2001 2082 2382 2374 2113 2097
1482 1432 1032 1512 1472 1489 0 1480 1529 1550 1541 1503 1494 1403 1580 1566 1560 1575 1382 1517 1475 1571 1140 1564 2321 2325 2030 2322 2328 2304 1997 2322 2335 2269 2022 2323 2330 2329 2318 2345 2581 2324 2331 2023 2198 2213 2199 2091 2052 2200 2086 2218 2045 2268 2304 1937 2199 2451 2452 2229 2210
230 1442 96 182 143 509 1480 0 256 1284 417 204 211 1150 437 484 449 459 1380 279 205 550 1261 536 1319 1343 1049 1343 1345 1362 1993 1336 1351 1424 2005 1340 1346 1367 1371 1319 1428 1363 1316 2011 2075 2107 2076 2009 1976 2076 2008 2108 2045 2151 2190 1972 2076 2360 2341 2107 2081
340 1512 193 304 250 615 1529 256 0 1347 523 324 317 1195 478 532 493 499 1445 333 277 660 1324 647 1372 1397 1104 1398 1400 1432 2065 1393 1401 1495 2072 1394 1401 1430 1454 1368 1477 1428 1369 2076 2133 2163 2134 2071 2040 2134 2068 2159 2102 2186 2244 2027 2134 2414 2402 2163 2139
1308 1182 869 1321 1297 1373 1550 1284 1347 0 1409 1319 1345 1075 1405 1398 1383 1410 1120 1341 1307 1268 1337 1253 2215 2231 1939 2233 2242 2217 2056 2234 2241 2184 1996 2230 2237 2258 2252 2234 2423 2254 2218 2002 2021 2019 2022 2031 1966 2022 2034 2016 2007 2088 2193 1726 2022 2368 2398 2031 2016
414 1499 306 446 415 591 1541 417 523 1409 0 470 441 1270 578 618 568 593 1427 530 465 778 1346 765 1419 1449 1149 1449 1454 1457 2048 1443 1455 1512 2066 1445 1452 1444 1432 1423 1526 1440 1420 2070 2131 2152 2132 2053 2007 2133 2052 2152 2092 2179 2227 2018 2132 2398 2376 2150 2132
239 1465 158 252 120 564 1503 204 324 1319 470 0 281 1189 484 528 496 514 1414 340 256 609 1307 597 1356 1366 1070 1366 1368 1374 2023 1361 1372 1458 2042 1362 1368 1404 1411 1356 1464 1400 1352 2050 2112 2137 2113 2039 2007 2113 2038 2138 2084 2176 2220 2008 2113 2376 2366 2141 2117
288 1490 147 247 214 530 1494 211 317 1345 441 281 0 1196 460 508 473 490 1415 322 259 613 1314 600 1355 1380 1082 1379 1380 1402 2045 1373 1388 1458 2049 1377 1383 1364 1372 1350 1462 1360 1351 2052 2125 2152 2126 2045 2007 2126 2044 2153 2078 2187 2230 2017 2126 2380 2362 2156 2134
1177 1220 779 1160 1150 1221 1403 1150 1195 1075 1270 1189 1196 0 1247 1251 1238 1277 1209 1202 1158 1076 1324 1064 2062 2088 1802 2088 2094 2077 1999 2088 2096 2051 2042 2085 2091 2083 2088 2075 2132 2083 2065 2049 2039 2058 2040 2029 2001 2040 2036 2054 2058 2091 2166 1792 2040 2328 2311 2074 2053
441 1535 290 476 423 705 1580 437 478 1405 578 484 460 1247 0 336 253 163 1452 432 432 778 1410 763 1325 1404 1103 1405 1405 1435 2101 1400 1407 1554 2111 1399 1404 1495 1516 1334 1468 1491 1337 2108 2155 2173 2156 2095 2079 2156 2094 2174 2138 2208 2288 2051 2156 2423 2400 2176 2158
486 1538 332 498 470 739 1566 484 532 1398 618 528 508 1251 336 0 308 316 1455 472 464 799 1404 786 1381 1447 1148 1445 1449 1475 2099 1440 1455 1544 2098 1443 1449 1526 1552 1368 1490 1522 1379 2104 2147 2144 2148 2101 2072 2148 2100 2140 2128 2194 2268 2048 2148 2400 2386 2159 2145
447 1531 305 463 437 709 1560 449 493 1383 568 496 473 1238 253 308 0 250 1443 435 438 779 1377 766 1356 1416 1119 1416 1418 1450 2079 1410 1417 1532 2075 1412 1417 1506 1527 1352 1478 1502 1355 2078 2148 2160 2149 2097 2045 2149 2096 2161 2109 2223 2244 2023 2149 2405 2388 2164 2149
462 1545 312 489 453 732 1575 459 499 1410 593 514 490 1277 163 316 250 0 1455 454 459 798 1407 781 1355 1429 1133 1430 1432 1464 2095 1423 1436 1570 2093 1426 1431 1511 1533 1366 1497 1508 1367 2092 2156 2168 2157 2095 2075 2157 2094 2167 2124 2194 2283 2040 2157 2417 2392 2173 2155
1388 552 997 1400 1386 1391 1382 1380 1445 1120 1427 1414 1415 1209 1452 1455 1443 1455 0 1435 1396 1351 1039 1333 2147 2149 1861 2147 2157 2131 1763 2146 2156 2117 1686 2142 2150 2174 2167 2152 2274 2170 2146 1697 1817 1805 1818 1672 1642 1818 1673 1801 1721 1913 1895 1370 1818 2177 2205 1823 1808
323 1497 182 285 278 628 1517 279 333 1341 530 340 322 1202 432 472 435 454 1435 0 296 656 1314 644 1249 1284 994 1285 1289 1345 2032 1278 1293 1480 2029 1282 1288 1382 1431 1245 1354 1378 1246 2034 2104 2134 2105 2045 2009 2105 2044 2133 2064 2168 2222 2004 2105 2380 2355 2140 2112
274 1467 142 234 192 567 1475 205 277 1307 465 256 259 1158 432 464 438 459 1396 296 0 584 1285 574 1331 1355 1059 1355 1357 1345 2009 1350 1359 1420 2023 1351 1358 1407 1414 1326 1432 1403 1325 2030 2095 2127 2096 2033 2003 2096 2032 2123 2063 2167 2220 1995 2096 2350 2343 2127 2107
611 1405 261 561 551 895 1571 550 660 1268 778 609 613 1076 778 799 779 798 1351 656 584 0 1482 73 1685 1713 1414 1709 1715 1703 2186 1708 1721 1700 2171 1705 1715 1723 1731 1682 1780 1719 1678 2173 2063 2083 2063 2176 2138 2064 2179 2080 2200 2131 2352 1923 2064 2399 2399 2080 2061
1272 1170 924 1293 1276 1300 1140 1261 1324 1337 1346 1307 1314 1324 1410 1404 1377 1407 1039 1314 1285 1482 0 1464 2108 2098 1808 2101 2107 2095 1639 2099 2106 2075 1683 2099 2105 2134 2121 2139 2303 2126 2121 1685 2004 2018 2004 1688 1621 2006 1691 2016 1717 2083 1730 1717 2005 2285 2296 2024 2007
598 1390 268 550 540 883 1564 536 647 1253 765 597 600 1064 763 786 766 781 1333 644 574 73 1464 0 1675 1698 1398 1694 1700 1694 2174 1692 1705 1698 2160 1690 1699 1713 1721 1671 1771 1709 1667 2162 2050 2073 2050 2164 2125 2051 2167 2068 2188 2120 2337 1912 2051 2389 2389 2072 2049
1342 2222 1130 1352 1294 1407 2321 1319 1372 2215 1419 1356 1355 2062 1325 1381 1356 1355 2147 1249 1331 1685 2108 1675 0 117 107 115 113 197 1104 109 122 418 1084 111 115 250 331 48 177 248 21 1097 1682 1711 1680 1637 1644 1682 1637 1715 1705 1737 1870 1635 1681 2110 2094 1724 1703
1359 2217 1159 1378 1309 1430 2325 1343 1397 2231 1449 1366 1380 2088 1404 1447 1416 1429 2149 1284 1355 1713 2098 1698 117 0 21 22 23 107 1107 21 23 430 1090 16 22 268 348 135 251 268 110 1095 1676 1705 1675 1651 1646 1676 1651 1704 1711 1729 1870 1645 1675 2116 2104 1719 1698
1063 1928 917 1084 1013 1130 2030 1049 1104 1939 1149 1070 1082 1802 1103 1148 1119 1133 1861 994 1059 1414 1808 1398 107 21 0 18 12 97 1097 17 24 434 1082 16 23 262 340 128 240 261 104 1080 1372 1401 1372 1342 1337 1373 1342 1402 1410 1426 1563 1485 1372 1815 1800 1410 1391
1359 2217 1157 1382 1309 1429 2322 1343 1398 2233 1449 1366 1379 2088 1405 1445 1416 1430 2147 1285 1355 1709 2101 1694 115 22 18 0 18 104 1107 18 28 433 1094 18 25 266 345 135 250 265 108 1098 1679 1709 1678 1650 1645 1679 1650 1708 1713 1733 1866 1646 1678 2118 2105 1720 1700
1361 2226 1158 1384 1311 1431 2328 1345 1400 2242 1454 1368 1380 2094 1405 1449 1418 1432 2157 1289 1357 1715 2107 1700 113 23 12 18 0 100 1112 18 28 436 1097 17 24 264 343 133 247 263 106 1105 1687 1715 1686 1658 1653 1687 1658 1714 1719 1738 1877 1648 1686 2122 2107 1726 1706
1367 2192 1174 1397 1328 1443 2304 1362 1432 2217 1457 1374 1402 2077 1435 1475 1450 1464 2131 1345 1345 1703 2095 1694 197 107 97 104 100 0 1091 100 110 358 1079 100 108 347 360 215 330 346 190 1081 1670 1690 1669 1636 1628 1670 1636 1692 1699 1713 1857 1639 1669 2108 2101 1701 1680
2008 1860 1635 2019 1999 2045 1997 1993 2065 2056 2048 2023 2045 1999 2101 2099 2079 2095 1763 2032 2009 2186 1639 2174 1104 1107 1097 1107 1112 1091 0 1105 1113 1051 511 1105 1109 1120 1131 1117 1271 1118 1100 529 1531 1542 1530 1322 1195 1529 1325 1550 1128 1619 1482 1150 1530 1909 1932 1570 1553
1354 2213 1157 1377 1304 1425 2322 1336 1393 2234 1443 1361 1373 2088 1400 1440 1410 1423 2146 1278 1350 1708 2099 1692 109 21 17 18 18 100 1105 0 24 434 1091 15 22 263 342 129 242 262 102 1094 1680 1707 1679 1648 1643 1680 1648 1706 1709 1731 1868 1645 1679 2114 2099 1718 1698
1365 2223 1167 1384 1317 1436 2335 1351 1401 2241 1455 1372 1388 2096 1407 1455 1417 1436 2156 1293 1359 1721 2106 1705 122 23 24 28 28 110 1113 24 0 438 1099 21 19 274 353 140 255 273 115 1099 1684 1714 1683 1659 1652 1684 1659 1713 1718 1737 1872 1655 1683 2122 2110 1728 1707
1432 2196 1181 1440 1411 1475 2269 1424 1495 2184 1512 1458 1458 2051 1554 1544 1532 1570 2117 1480 1420 1700 2075 1698 418 430 434 433 436 358 1051 434 438 0 1042 428 427 438 447 408 517 438 409 1050 1654 1676 1653 1617 1601 1654 1618 1683 1665 1717 1828 1608 1653 2096 2093 1688 1675
2015 1809 1615 2035 2011 2057 2022 2005 2072 1996 2066 2042 2049 2042 2111 2098 2075 2093 1686 2029 2023 2171 1683 2160 1084 1090 1082 1094 1097 1079 511 1091 1099 1042 0 1091 1095 1114 1122 1096 1252 1114 1079 75 1505 1518 1504 1176 1050 1503 1180 1527 676 1611 1310 909 1504 1925 1902 1530 1521
1355 2212 1157 1376 1306 1427 2323 1340 1394 2230 1445 1362 1377 2085 1399 1443 1412 1426 2142 1282 1351 1705 2099 1690 111 16 16 18 17 100 1105 15 21 428 1091 0 14 263 344 129 247 262 104 1095 1674 1702 1673 1649 1642 1674 1649 1701 1712 1727 1867 1646 1673 2112 2100 1714 1693
1362 2219 1162 1381 1311 1433 2330 1346 1401 2237 1452 1368 1383 2091 1404 1449 1417 1431 2150 1288 1358 1715 2105 1699 115 22 23 25 24 108 1109 22 19 427 1095 14 0 269 348 133 247 268 108 1098 1680 1710 1679 1655 1648 1680 1655 1709 1716 1731 1874 1651 1679 2118 2106 1720 1701
1384 2236 1154 1398 1347 1397 2329 1367 1430 2258 1444 1404 1364 2083 1495 1526 1506 1511 2174 1382 1407 1723 2134 1713 250 268 262 266 264 347 1120 263 274 438 1114 263 269 0 113 271 417 6 242 1125 1685 1710 1684 1673 1656 1685 1672 1712 1741 1746 1922 1655 1684 2150 2117 1725 1707
1372 2223 1162 1402 1354 1383 2318 1371 1454 2252 1432 1411 1372 2088 1516 1552 1527 1533 2167 1431 1414 1731 2121 1721 331 348 340 345 343 360 1131 342 353 447 1122 344 348 113 0 349 467 109 321 1132 1699 1732 1698 1670 1654 1699 1669 1729 1744 1764 1918 1654 1698 2146 2124 1742 1724
1340 2223 1131 1374 1293 1408 2345 1319 1368 2234 1423 1356 1350 2075 1334 1368 1352 1366 2152 1245 1326 1682 2139 1671 48 135 128 135 133 215 1117 129 140 408 1096 129 133 271 349 0 198 266 41 1100 1692 1719 1691 1651 1660 1692 1651 1723 1714 1741 1883 1641 1691 2143 2126 1732 1711
1451 2334 1167 1604 1403 1516 2581 1428 1477 2423 1526 1464 1462 2132 1468 1490 1478 1497 2274 1354 1432 1780 2303 1771 177 251 240 250 247 330 1271 242 255 517 1252 247 247 417 467 198 0 384 193 1204 1800 1825 1799 1767 1829 1800 1767 1831 1822 1853 2138 1749 1799 2379 2362 1840 1819
1380 2232 1153 1392 1343 1395 2324 1363 1428 2254 1440 1400 1360 2083 1491 1522 1502 1508 2170 1378 1403 1719 2126 1709 248 268 261 265 263 346 1118 262 273 438 1114 262 268 6 109 266 384 0 239 1125 1683 1706 1682 1671 1652 1683 1670 1708 1741 1746 1916 1655 1682 2145 2113 1721 1703
1339 2220 1131 1364 1291 1403 2331 1316 1369 2218 1420 1352 1351 2065 1337 1379 1355 1367 2146 1246 1325 1678 2121 1667 21 110 104 108 106 190 1100 102 115 409 1079 104 108 242 321 41 193 239 0 1092 1683 1713 1682 1642 1652 1683 1642 1717 1708 1737 1872 1635 1682 2127 2112 1726 1705
2019 1820 1591 2029 2019 2062 2023 2011 2076 2002 2070 2050 2052 2049 2108 2104 2078 2092 1697 2034 2030 2173 1685 2162 1097 1095 1080 1098 1105 1081 529 1094 1099 1050 75 1095 1098 1125 1132 1100 1204 1125 1092 0 1516 1536 1515 1210 1082 1514 1214 1547 710 1627 1338 938 1515 1942 1921 1547 1538
2081 1927 1616 2085 2076 2081 2198 2075 2133 2021 2131 2112 2125 2039 2155 2147 2148 2156 1817 2104 2095 2063 2004 2050 1682 1676 1372 1679 1687 1670 1531 1680 1684 1654 1505 1674 1680 1685 1699 1692 1800 1683 1683 1516 0 343 1 898 925 2 899 319 985 502 1167 902 1 1511 1528 371 373
2121 1933 1616 2113 2104 2098 2213 2107 2163 2019 2152 2137 2152 2058 2173 2144 2160 2168 1805 2134 2127 2083 2018 2073 1711 1705 1401 1709 1715 1690 1542 1707 1714 1676 1518 1702 1710 1710 1732 1719 1825 1706 1713 1536 343 0 342 908 948 343 909 85 1007 421 1175 925 342 1504 1518 134 103
2082 1928 1617 2086 2077 2082 2199 2076 2134 2022 2132 2113 2126 2040 2156 2148 2149 2157 1818 2105 2096 2063 2004 2050 1680 1675 1372 1678 1686 1669 1530 1679 1683 1653 1504 1673 1679 1684 1698 1691 1799 1682 1682 1515 1 342 0 897 924 1 898 318 984 501 1165 902 0 1511 1528 370 372
2013 1799 1615 2030 2010 2011 2091 2009 2071 2031 2053 2039 2045 2029 2095 2101 2097 2095 1672 2045 2033 2176 1688 2164 1637 1651 1342 1650 1658 1636 1322 1648 1659 1617 1176 1649 1655 1673 1670 1651 1767 1671 1642 1210 898 908 897 0 544 898 18 909 656 1012 814 812 897 1510 1516 928 917
1984 1758 1591 2007 1978 1993 2052 1976 2040 1966 2007 2007 2007 2001 2079 2072 2045 2075 1642 2009 2003 2138 1621 2125 1644 1646 1337 1645 1653 1628 1195 1643 1652 1601 1050 1642 1648 1656 1654 1660 1829 1652 1652 1082 925 948 924 544 0 925 544 935 508 1051 540 713 924 1517 1490 954 943
2082 1928 1617 2086 2077 2083 2200 2076 2134 2022 2133 2113 2126 2040 2156 2148 2149 2157 1818 2105 2096 2064 2006 2051 1682 1676 1373 1679 1687 1670 1529 1680 1684 1654 1503 1674 1680 1685 1699 1692 1800 1683 1683 1514 2 343 1 898 925 0 899 319 983 502 1165 901 1 1512 1529 371 373
2012 1798 1615 2029 2009 2010 2086 2008 2068 2034 2052 2038 2044 2036 2094 2100 2096 2094 1673 2044 2032 2179 1691 2167 1637 1651 1342 1650 1658 1636 1325 1648 1659 1618 1180 1649 1655 1672 1669 1651 1767 1670 1642 1214 899 909 898 18 544 899 0 910 660 1013 814 819 898 1518 1518 929 918
2115 1925 1615 2110 2103 2109 2218 2108 2159 2016 2152 2138 2153 2054 2174 2140 2161 2167 1801 2133 2123 2080 2016 2068 1715 1704 1402 1708 1714 1692 1550 1706 1713 1683 1527 1701 1709 1712 1729 1723 1831 1708 1717 1547 319 85 318 909 935 319 910 0 1008 385 1166 917 318 1490 1519 159 148
2050 1853 1636 2061 2050 2069 2045 2045 2102 2007 2092 2084 2078 2058 2138 2128 2109 2124 1721 2064 2063 2200 1717 2188 1705 1711 1410 1713 1719 1699 1128 1709 1718 1665 676 1712 1716 1741 1744 1714 1822 1741 1708 710 985 1007 984 656 508 983 660 1008 0 1101 770 462 984 1517 1500 1014 1008
2158 2011 1653 2155 2144 2164 2268 2151 2186 2088 2179 2176 2187 2091 2208 2194 2223 2194 1913 2168 2167 2131 2083 2120 1737 1729 1426 1733 1738 1713 1619 1731 1737 1717 1611 1727 1731 1746 1764 1741 1853 1746 1737 1627 502 421 501 1012 1051 502 1013 385 1101 0 1290 1023 501 1531 1550 447 431
2196 2004 1765 2270 2198 2211 2304 2190 2244 2193 2227 2220 2230 2166 2288 2268 2244 2283 1895 2222 2220 2352 1730 2337 1870 1870 1563 1866 1877 1857 1482 1868 1872 1828 1310 1867 1874 1922 1918 1883 2138 1916 1872 1338 1167 1175 1165 814 540 1165 814 1166 770 1290 0 986 1166 1705 1714 1189 1173
1987 1485 1567 1994 1972 2001 1937 1972 2027 1726 2018 2008 2017 1792 2051 2048 2023 2040 1370 2004 1995 1923 1717 1912 1635 1645 1485 1646 1648 1639 1150 1645 1655 1608 909 1646 1651 1655 1654 1641 1749 1655 1635 938 902 925 902 812 713 901 819 917 462 1023 986 0 902 1489 1489 941 928
2082 1928 1617 2086 2077 2082 2199 2076 2134 2022 2132 2113 2126 2040 2156 2148 2149 2157 1818 2105 2096 2064 2005 2051 1681 1675 1372 1678 1686 1669 1530 1679 1683 1653 1504 1673 1679 1684 1698 1691 1799 1682 1682 1515 1 342 0 897 924 1 898 318 984 501 1166 902 0 1511 1528 370 372
2377 2276 1802 2405 2346 2382 2451 2360 2414 2368 2398 2376 2380 2328 2423 2400 2405 2417 2177 2380 2350 2399 2285 2389 2110 2116 1815 2118 2122 2108 1909 2114 2122 2096 1925 2112 2118 2150 2146 2143 2379 2145 2127 1942 1511 1504 1511 1510 1517 1512 1518 1490 1517 1531 1705 1489 1511 0 821 1517 1505
2353 2306 1791 2395 2337 2374 2452 2341 2402 2398 2376 2366 2362 2311 2400 2386 2388 2392 2205 2355 2343 2399 2296 2389 2094 2104 1800 2105 2107 2101 1932 2099 2110 2093 1902 2100 2106 2117 2124 2126 2362 2113 2112 1921 1528 1518 1528 1516 1490 1529 1518 1519 1500 1550 1714 1489 1528 821 0 1521 1509
2120 1954 1615 2113 2106 2113 2229 2107 2163 2031 2150 2141 2156 2074 2176 2159 2164 2173 1823 2140 2127 2080 2024 2072 1724 1719 1410 1720 1726 1701 1570 1718 1728 1688 1530 1714 1720 1725 1742 1732 1840 1721 1726 1547 371 134 370 928 954 371 929 159 1014 447 1189 941 370 1517 1521 0 75
2096 1938 1600 2087 2082 2097 2210 2081 2139 2016 2132 2117 2134 2053 2158 2145 2149 2155 1808 2112 2107 2061 2007 2049 1703 1698 1391 1700 1706 1680 1553 1698 1707 1675 1521 1693 1701 1707 1724 1711 1819 1703 1705 1538 373 103 372 917 943 373 918 148 1008 431 1173 928 372 1505 1509 75 0
